x v
0.00024414062 0.0098010901
0.0021972656 0.0864705
0.0041503906 0.15490966
0.0061035156 0.20832481
0.0080566406 0.24086649
0.010009766 0.24802676
0.011962891 0.22697913
0.013916016 0.17683888
0.015869141 0.098820486
0.017822266 -0.0037299428
0.019775391 -0.12544482
0.021728516 -0.25919812
0.023681641 -0.39652038
0.025634766 -0.52815146
0.027587891 -0.64470165
0.029541016 -0.73737775
0.031494141 -0.79871792
0.033447266 -0.82327164
0.035400391 -0.80815843
0.037353516 -0.75344403
0.039306641 -0.66228418
0.041259766 -0.54080481
0.043212891 -0.39771072
0.045166016 -0.24364159
0.047119141 -0.090320714
0.049072266 0.050434334
0.051025391 0.16775148
0.052978516 0.25269689
0.054931641 0.29912277
0.056884766 0.30428236
0.058837891 0.2691442
0.060791016 0.19836548
0.062744141 0.099917832
0.064697266 -0.015606177
0.066650391 -0.13594405
0.068603516 -0.24828254
0.070556641 -0.34043663
0.072509766 -0.40197245
0.074462891 -0.42516228
0.076416016 -0.40567657
0.078369141 -0.34294437
0.080322266 -0.24014783
0.082275391 -0.10385453
0.084228516 0.056670952
0.086181641 0.23040156
0.088134766 0.40562888
0.090087891 0.57107713
0.092041016 0.71693479
0.093994141 0.83569975
0.095947266 0.92275595
0.097900391 0.9766304
0.099853516 0.99891516
0.10180664 0.99387597
0.10375977 0.96780216
0.10571289 0.92817931
0.10766602 0.88278257
0.10961914 0.83879333
0.11157227 0.80203556
0.11352539 0.7764102
0.11547852 0.76358048
0.11743164 0.76293014
0.11938477 0.77178437
0.12133789 0.78585383
0.12329102 0.79983871
0.12524414 0.80811456
0.12719727 0.80541681
0.12915039 0.78744602
0.13110352 0.75132974
0.13305664 0.69589815
0.13500977 0.62175521
0.13696289 0.53115264
0.13891602 0.42769692
0.14086914 0.31593666
0.14282227 0.20088843
0.14477539 0.087560673
0.14672852 -0.019469905
0.14868164 -0.11638763
0.15063477 -0.20034746
0.15258789 -0.2695581
0.15454102 -0.32324917
0.15649414 -0.3615473
0.15844727 -0.38529485
0.16040039 -0.39584782
0.16235352 -0.39488655
0.16430664 -0.3842638
0.16625977 -0.36590385
0.16821289 -0.3417525
0.17016602 -0.3137665
0.17211914 -0.28392195
0.17407227 -0.25421757
0.17602539 -0.22664978
0.17797852 -0.20314368
0.17993164 -0.18543418
0.18188477 -0.17490483
0.18383789 -0.17240412
0.18579102 -0.17806955
0.18774414 -0.19119496
0.18969727 -0.21017632
0.19165039 -0.23256386
0.19360352 -0.25523553
0.19555664 -0.27468949
0.19750977 -0.28743353
0.19946289 -0.29043157
0.20141602 -0.28155237
0.20336914 -0.25995827
0.20532227 -0.22637216
0.20727539 -0.18317102
0.20922852 -0.13427262
0.21118164 -0.084807016
0.21313477 -0.04059352
0.21508789 -0.0074720182
0.21704102 0.0094378985
0.21899414 0.006460125
0.22094727 -0.018027925
0.22290039 -0.063187177
0.22485352 -0.12558025
0.22680664 -0.19934616
0.22875977 -0.27668907
0.23071289 -0.34864379
0.23266602 -0.40604287
0.23461914 -0.44057983
0.23657227 -0.44584394
0.23852539 -0.41819845
0.24047852 -0.35738599
0.24243164 -0.26677253
0.24438477 -0.15318103
0.24633789 -0.026314179
0.24829102 0.10218439
0.25024414 0.21993498
0.25219727 0.3151611
0.25415039 0.37801052
0.25610352 0.40170251
0.25805664 0.38336157
0.26000977 0.32443192
0.26196289 0.23061428
0.26391602 0.11132211
0.26586914 -0.021287747
0.26782227 -0.15360418
0.26977539 -0.27202474
0.27172852 -0.36442454
0.27368164 -0.42146091
0.27563477 -0.43756248
0.27758789 -0.41148828
0.27954102 -0.34639377
0.28149414 -0.24939968
0.28344727 -0.13071876
0.28540039 -0.002448326
0.28735352 0.12282509
0.28930664 0.23344149
0.29125977 0.31993661
0.29321289 0.37601808
0.29516602 0.39914068
0.29711914 0.39062397
0.29907227 0.3553129
0.30102539 0.30083797
0.30297852 0.23657912
0.30493164 0.17247091
0.30688477 0.11780137
0.30883789 0.080152319
0.31079102 0.064605186
0.31274414 0.07329787
0.31469727 0.10536953
0.31665039 0.15727882
0.31860352 0.22343338
0.32055664 0.29703067
0.32250977 0.37098768
0.32446289 0.43883137
0.32641602 0.49543405
0.32836914 0.53750551
0.33032227 0.56379205
0.33227539 0.57497652
0.33422852 0.57331642
0.33618164 0.5620924
0.33813477 0.54496357
0.34008789 0.52533459
0.34204102 0.50583219
0.34399414 0.48796732
0.34594727 0.47202654
0.34790039 0.4571983
0.34985352 0.44190122
0.35180664 0.42424991
0.35375977 0.40257181
0.35571289 0.37588125
0.35766602 0.34422429
0.35961914 0.30882924
0.36157227 0.27202946
0.36352539 0.23696284
0.36547852 0.20708969
0.36743164 0.1856026
0.36938477 0.17482275
0.37133789 0.17568349
0.37329102 0.18739347
0.37524414 0.20734763
0.37719727 0.23131948
0.37915039 0.25392643
0.38110352 0.26931801
0.38305664 0.27199999
0.38500977 0.25768275
0.38696289 0.22403184
0.38891602 0.17120617
0.39086914 0.10209319
0.39282227 0.022188234
0.39477539 -0.060888161
0.39672852 -0.13819168
0.39868164 -0.20048595
0.40063477 -0.23938143
0.40258789 -0.2484389
0.40454102 -0.22409458
0.40649414 -0.16628182
0.40844727 -0.078659854
0.41040039 0.031592528
0.41235352 0.15440622
0.41430664 0.27780844
0.41625977 0.38915557
0.41821289 0.47646916
0.42016602 0.52971775
0.42211914 0.54189357
0.42407227 0.50975754
0.42602539 0.43416722
0.42797852 0.31995323
0.42993164 0.17536484
0.43188477 0.011156901
0.43383789 -0.16056774
0.43579102 -0.32761986
0.43774414 -0.47894035
0.43969727 -0.60563296
0.44165039 -0.70170234
0.44360352 -0.76442661
0.44555664 -0.79434194
0.44750977 -0.79486512
0.44946289 -0.77162369
0.45141602 -0.73159537
0.45336914 -0.68217635
0.45532227 -0.63029911
0.45727539 -0.58170602
0.45922852 -0.54045697
0.46118164 -0.50871305
0.46313477 -0.48679811
0.46508789 -0.47350262
0.46704102 -0.46656366
0.46899414 -0.46323562
0.47094727 -0.46086024
0.47290039 -0.45735144
0.47485352 -0.45152945
0.47680664 -0.44326548
0.47875977 -0.43342923
0.48071289 -0.42366152
0.48266602 -0.41601937
0.48461914 -0.4125576
0.48657227 -0.41491685
0.48852539 -0.42398365
0.49047852 -0.43967365
0.49243164 -0.46086838
0.49438477 -0.48551121
0.49633789 -0.51084426
0.49829102 -0.5337479
0.50024414 -0.55113116
0.50219727 -0.56031662
0.50415039 -0.5593667
0.50610352 -0.54730999
0.50805664 -0.52424231
0.51000977 -0.49129689
0.51196289 -0.45049595
0.51391602 -0.40451155
0.51586914 -0.356373
0.51782227 -0.30916114
0.51977539 -0.26572666
0.52172852 -0.22846102
0.52368164 -0.19913632
0.52563477 -0.17881805
0.52758789 -0.16784292
0.52954102 -0.1658462
0.53149414 -0.1718199
0.53344727 -0.18418447
0.53540039 -0.2008628
0.53735352 -0.21935314
0.53930664 -0.23680675
0.54125977 -0.25012261
0.54321289 -0.25607455
0.54516602 -0.25148478
0.54711914 -0.23345019
0.54907227 -0.19961706
0.55102539 -0.14848576
0.55297852 -0.079713502
0.55493164 0.0056273841
0.55688477 0.10488342
0.55883789 0.21379138
0.56079102 0.32662173
0.56274414 0.43651032
0.56469727 0.53597028
0.56665039 0.61754937
0.56860352 0.6745725
0.57055664 0.70188898
0.57250977 0.69653315
0.57446289 0.65820784
0.57641602 0.58951337
0.57836914 0.49587086
0.58032227 0.38512318
0.58227539 0.26683757
0.58422852 0.15137387
0.58618164 0.048817142
0.58813477 -0.032103184
0.59008789 -0.08497656
0.59204102 -0.10643408
0.59399414 -0.096532918
0.59594727 -0.05874375
0.59790039 0.00046876213
0.59985352 0.072430277
0.60180664 0.14731527
0.60375977 0.21535106
0.60571289 0.26801638
0.60766602 0.29908122
0.60961914 0.30535172
0.61157227 0.28702111
0.61352539 0.24757745
0.61547852 0.19327766
0.61743164 0.13225504
0.61938477 0.073377687
0.62133789 0.025010053
0.62329102 -0.0061553415
0.62524414 -0.016036596
0.62719727 -0.0037418026
0.62915039 0.028293006
0.63110352 0.074629878
0.63305664 0.12757809
0.63500977 0.17826708
0.63696289 0.21789837
0.63891602 0.23900534
0.64086914 0.23654715
0.64282227 0.20868384
0.64477539 0.15712195
0.64672852 0.086977763
0.64868164 0.0061707902
0.65063477 -0.075575524
0.65258789 -0.14799479
0.65454102 -0.2016326
0.65649414 -0.22911389
0.65844727 -0.22615192
0.66040039 -0.19216256
0.66235352 -0.13040004
0.66430664 -0.047594733
0.66625977 0.046859766
0.66821289 0.14206282
0.67016602 0.22695353
0.67211914 0.29167104
0.67407227 0.32875125
0.67602539 0.33400674
0.67797852 0.30698099
0.67993164 0.2509266
0.68188477 0.17232165
0.68383789 0.079999479
0.68579102 -0.015982898
0.68774414 -0.10558123
0.68969727 -0.17993961
0.69165039 -0.23235349
0.69360352 -0.25890307
0.69555664 -0.25869007
0.69750977 -0.23366844
0.69946289 -0.18811689
0.70141602 -0.12784934
0.70336914 -0.059291979
0.70532227 0.011431607
0.70727539 0.07927422
0.70922852 0.14079299
0.71118164 0.19436928
0.71313477 0.24010917
0.71508789 0.27946387
0.71704102 0.31465241
0.71899414 0.34799781
0.72094727 0.38129819
0.72290039 0.41534496
0.72485352 0.4496726
0.72680664 0.48258357
0.72875977 0.51144388
0.73071289 0.53319752
0.73266602 0.54500935
0.73461914 0.54492135
0.73657227 0.53240192
0.73852539 0.50868186
0.74047852 0.47680302
0.74243164 0.44135036
0.74438477 0.40788993
0.74633789 0.38218453
0.74829102 0.36929877
0.75024414 0.37272905
0.75219727 0.3936973
0.75415039 0.43072912
0.75610352 0.47959981
0.75805664 0.53368003
0.76000977 0.58465409
0.76196289 0.62352801
0.76391602 0.64179722
0.76586914 0.632616
0.76782227 0.59180363
0.76977539 0.51854011
0.77172852 0.41564336
0.77368164 0.28937604
0.77563477 0.14879497
0.77758789 0.0047206427
0.77954102 -0.13154055
0.78149414 -0.24955197
0.78344727 -0.34099705
0.78540039 -0.40065354
0.78735352 -0.42695736
0.78930664 -0.42207841
0.79125977 -0.39149832
0.79321289 -0.34315028
0.79516602 -0.28624315
0.79711914 -0.22993712
0.79907227 -0.18205957
0.80102539 -0.14804426
0.80297852 -0.13024505
0.80493164 -0.12772132
0.80688477 -0.13652405
0.80883789 -0.1504385
0.81079102 -0.16207221
0.81274414 -0.16412595
0.81469727 -0.15065703
0.81665039 -0.11814385
0.81860352 -0.066188278
0.82055664 0.0022562944
0.82250977 0.081174222
0.82446289 0.16226178
0.82641602 0.2360815
0.82836914 0.29343404
0.83032227 0.32675003
0.83227539 0.3312972
0.83422852 0.30602077
0.83618164 0.25388416
0.83813477 0.18164644
0.84008789 0.099091892
0.84204102 0.017805935
0.84399414 -0.050342234
0.84594727 -0.09480537
0.84790039 -0.10783086
0.84985352 -0.085593544
0.85180664 -0.02882566
0.85375977 0.057152327
0.85571289 0.16301486
0.85766602 0.27655944
0.85961914 0.38423556
0.86157227 0.47287419
0.86352539 0.53138898
0.86547852 0.55222269
0.86743164 0.53234568
0.86938477 0.47367324
0.87133789 0.38284616
0.87329102 0.2704044
0.87524414 0.14946448
0.87719727 0.034076725
0.87915039 -0.06252032
0.88110352 -0.1295196
0.88305664 -0.15983031
0.88500977 -0.15086616
0.88696289 -0.10474465
0.88891602 -0.027884679
0.89086914 0.069929441
0.89282227 0.17687997
0.89477539 0.28065675
0.89672852 0.36999749
0.89868164 0.43602383
0.90063477 0.47320403
0.90258789 0.47982936
0.90454102 0.45796176
0.90649414 0.41288433
0.90844727 0.35215354
0.91040039 0.28440353
0.91235352 0.21808119
0.91430664 0.16029303
0.91625977 0.11592156
0.91821289 0.087123314
0.92016602 0.073261285
0.92211914 0.071258957
0.92407227 0.076302124
0.92602539 0.08276621
0.92797852 0.085218083
0.92993164 0.079335749
0.93188477 0.062607174
0.93383789 0.034707419
0.93579102 -0.0024946997
0.93774414 -0.045291338
0.93969727 -0.088787551
0.94165039 -0.12774212
0.94360352 -0.15746219
0.94555664 -0.17461086
0.94750977 -0.17780228
0.94946289 -0.16789318
0.95141602 -0.14792685
0.95336914 -0.12273905
0.95532227 -0.098285647
0.95727539 -0.080793355
0.95922852 -0.075859659
0.96118164 -0.087634136
0.96313477 -0.11819944
0.96508789 -0.16723896
0.96704102 -0.23203462
0.96899414 -0.30778928
0.97094727 -0.38822097
0.97290039 -0.46633821
0.97485352 -0.53528189
0.97680664 -0.58911336
0.97875977 -0.62344088
0.98071289 -0.63580439
0.98266602 -0.62577823
0.98461914 -0.59479546
0.98657227 -0.54573949
0.98852539 -0.48238223
0.99047852 -0.40876786
0.99243164 -0.32864473
0.99438477 -0.24503497
0.99633789 -0.16000393
0.99829102 -0.074655213
