x v
0.00024414062 0.0008532968
0.0021972656 0.0076665391
0.0041503906 0.014418122
0.0061035156 0.02105926
0.0080566406 0.027551908
0.010009766 0.033872941
0.011962891 0.040017374
0.013916016 0.046000379
0.015869141 0.051857909
0.017822266 0.057645827
0.019775391 0.063437506
0.021728516 0.069319987
0.023681641 0.075388885
0.025634766 0.081742335
0.027587891 0.088474374
0.029541016 0.09566824
0.031494141 0.10339009
0.033447266 0.11168369
0.035400391 0.12056651
0.037353516 0.1300277
0.039306641 0.14002814
0.041259766 0.15050266
0.043212891 0.16136449
0.045166016 0.17251143
0.047119141 0.18383345
0.049072266 0.19522107
0.051025391 0.20657377
0.052978516 0.21780778
0.054931641 0.22886242
0.056884766 0.23970449
0.058837891 0.25033023
0.060791016 0.26076462
0.062744141 0.27105806
0.064697266 0.28128068
0.066650391 0.29151478
0.068603516 0.3018461
0.070556641 0.31235466
0.072509766 0.32310606
0.074462891 0.33414409
0.076416016 0.34548516
0.078369141 0.35711524
0.080322266 0.36898944
0.082275391 0.38103428
0.084228516 0.39315237
0.086181641 0.405229
0.088134766 0.41714002
0.090087891 0.42876018
0.092041016 0.43997117
0.093994141 0.45066862
0.095947266 0.46076748
0.097900391 0.47020528
0.099853516 0.47894322
0.10180664 0.48696505
0.10375977 0.49427405
0.10571289 0.50088851
0.10766602 0.50683646
0.10961914 0.51215012
0.11157227 0.51686076
0.11352539 0.52099456
0.11547852 0.52456984
0.11743164 0.52759586
0.11938477 0.53007323
0.12133789 0.53199584
0.12329102 0.53335387
0.12524414 0.5341376
0.12719727 0.53434138
0.12915039 0.53396738
0.13110352 0.53302869
0.13305664 0.53155132
0.13500977 0.52957504
0.13696289 0.52715302
0.13891602 0.52435012
0.14086914 0.52124042
0.14282227 0.51790393
0.14477539 0.51442302
0.14672852 0.51087884
0.14868164 0.50734808
0.15063477 0.50390021
0.15258789 0.50059544
0.15454102 0.49748346
0.15649414 0.49460284
0.15844727 0.49198115
0.16040039 0.48963552
0.16235352 0.48757363
0.16430664 0.4857949
0.16625977 0.48429179
0.16821289 0.48305124
0.17016602 0.48205599
0.17211914 0.48128606
0.17407227 0.48072011
0.17602539 0.48033692
0.17797852 0.48011679
0.17993164 0.48004293
0.18188477 0.48010269
0.18383789 0.48028856
0.18579102 0.48059876
0.18774414 0.4810373
0.18969727 0.48161354
0.19165039 0.48234096
0.19360352 0.48323548
0.19555664 0.48431319
0.19750977 0.48558786
0.19946289 0.48706849
0.20141602 0.48875709
0.20336914 0.49064726
0.20532227 0.4927235
0.20727539 0.49496184
0.20922852 0.49733144
0.21118164 0.49979747
0.21313477 0.50232473
0.21508789 0.50488178
0.21704102 0.50744511
0.21899414 0.51000277
0.22094727 0.51255702
0.22290039 0.51512538
0.22485352 0.51774011
0.22680664 0.52044571
0.22875977 0.52329473
0.23071289 0.52634222
0.23266602 0.52963938
0.23461914 0.53322695
0.23657227 0.5371294
0.23852539 0.54135029
0.24047852 0.54586976
0.24243164 0.55064429
0.24438477 0.55560919
0.24633789 0.56068339
0.24829102 0.56577639
0.25024414 0.57079659
0.25219727 0.57566005
0.25415039 0.58029892
0.25610352 0.58466843
0.25805664 0.58875171
0.26000977 0.59256187
0.26196289 0.59614092
0.26391602 0.59955572
0.26586914 0.60289131
0.26782227 0.60624216
0.26977539 0.60970259
0.27172852 0.61335698
0.27368164 0.61727119
0.27563477 0.62148587
0.27758789 0.62601252
0.27954102 0.6308326
0.28149414 0.63589974
0.28344727 0.64114483
0.28540039 0.64648329
0.28735352 0.65182368
0.28930664 0.65707667
0.29125977 0.6621633
0.29321289 0.6670218
0.29516602 0.67161202
0.29711914 0.67591728
0.29907227 0.67994341
0.30102539 0.68371536
0.30297852 0.68727173
0.30493164 0.69065812
0.30688477 0.69392008
0.30883789 0.69709643
0.31079102 0.70021396
0.31274414 0.7032837
0.31469727 0.70629946
0.31665039 0.7092384
0.31860352 0.71206355
0.32055664 0.71472776
0.32250977 0.71717855
0.32446289 0.71936316
0.32641602 0.72123315
0.32836914 0.72274802
0.33032227 0.72387763
0.33227539 0.72460304
0.33422852 0.7249161
0.33618164 0.72481782
0.33813477 0.72431604
0.34008789 0.72342289
0.34204102 0.72215231
0.34399414 0.72051824
0.34594727 0.71853348
0.34790039 0.71620954
0.34985352 0.71355717
0.35180664 0.71058745
0.35375977 0.70731318
0.35571289 0.70374996
0.35766602 0.69991699
0.35961914 0.69583693
0.36157227 0.69153508
0.36352539 0.68703771
0.36547852 0.6823698
0.36743164 0.67755264
0.36938477 0.67260153
0.37133789 0.66752416
0.37329102 0.66231997
0.37524414 0.65698068
0.37719727 0.65149219
0.37915039 0.6458376
0.38110352 0.64000099
0.38305664 0.6339716
0.38500977 0.62774777
0.38696289 0.6213399
0.38891602 0.61477217
0.39086914 0.60808236
0.39282227 0.60131981
0.39477539 0.59454151
0.39672852 0.58780663
0.39868164 0.58117018
0.40063477 0.57467645
0.40258789 0.56835301
0.40454102 0.56220617
0.40649414 0.55621844
0.40844727 0.55034848
0.41040039 0.54453376
0.41235352 0.53869563
0.41430664 0.53274654
0.41625977 0.52659853
0.41821289 0.52017231
0.42016602 0.5134057
0.42211914 0.50626084
0.42407227 0.49872917
0.42602539 0.49083373
0.42797852 0.48262855
0.42993164 0.47419522
0.43188477 0.46563701
0.43383789 0.4570712
0.43579102 0.44862049
0.43774414 0.44040425
0.43969727 0.43253071
0.44165039 0.42509055
0.44360352 0.41815262
0.44555664 0.41176202
0.44750977 0.40594045
0.44946289 0.40068859
0.45141602 0.39599013
0.45336914 0.39181675
0.45532227 0.38813333
0.45727539 0.38490292
0.45922852 0.38209085
0.46118164 0.37966758
0.46313477 0.37761035
0.46508789 0.37590333
0.46704102 0.37453685
0.46899414 0.37350576
0.47094727 0.37280753
0.47290039 0.37244032
0.47485352 0.37240155
0.47680664 0.37268703
0.47875977 0.37329087
0.48071289 0.3742061
0.48266602 0.37542582
0.48461914 0.37694466
0.48657227 0.37876022
0.48852539 0.38087424
0.49047852 0.38329324
0.49243164 0.38602842
0.49438477 0.3890949
0.49633789 0.39251022
0.49829102 0.39629241
0.50024414 0.40045775
0.50219727 0.40501857
0.50415039 0.40998136
0.50610352 0.4153454
0.50805664 0.42110201
0.51000977 0.42723469
0.51196289 0.43371989
0.51391602 0.44052845
0.51586914 0.4476275
0.51782227 0.45498263
0.51977539 0.46256008
0.52172852 0.47032878
0.52368164 0.47826206
0.52563477 0.48633892
0.52758789 0.49454477
0.52954102 0.50287171
0.53149414 0.51131824
0.53344727 0.51988858
0.53540039 0.52859148
0.53735352 0.53743879
0.53930664 0.54644363
0.54125977 0.55561837
0.54321289 0.56497239
0.54516602 0.57450978
0.54711914 0.5842271
0.54907227 0.59411124
0.55102539 0.60413781
0.55297852 0.61427007
0.55493164 0.62445866
0.55688477 0.63464242
0.55883789 0.64475029
0.56079102 0.65470434
0.56274414 0.6644239
0.56469727 0.67383044
0.56665039 0.68285293
0.56860352 0.69143315
0.57055664 0.69953041
0.57250977 0.70712525
0.57446289 0.71422155
0.57641602 0.72084668
0.57836914 0.72704971
0.58032227 0.73289745
0.58227539 0.73846893
0.58422852 0.74384855
0.58618164 0.7491187
0.58813477 0.75435255
0.59008789 0.75960788
0.59204102 0.76492249
0.59399414 0.77031179
0.59594727 0.77576886
0.59790039 0.78126694
0.59985352 0.78676395
0.60180664 0.79220877
0.60375977 0.79754814
0.60571289 0.80273367
0.60766602 0.80772786
0.60961914 0.81250859
0.61157227 0.81707134
0.61352539 0.82142908
0.61547852 0.8256098
0.61743164 0.82965204
0.61938477 0.83359914
0.62133789 0.83749293
0.62329102 0.84136777
0.62524414 0.84524584
0.62719727 0.84913417
0.62915039 0.85302407
0.63110352 0.85689284
0.63305664 0.86070762
0.63500977 0.86443086
0.63696289 0.86802667
0.63891602 0.87146697
0.64086914 0.8747369
0.64282227 0.87783832
0.64477539 0.88079116
0.64672852 0.88363218
0.64868164 0.88641131
0.65063477 0.88918606
0.65258789 0.89201457
0.65454102 0.89494836
0.65649414 0.89802552
0.65844727 0.90126556
0.66040039 0.90466633
0.66235352 0.90820358
0.66430664 0.91183332
0.66625977 0.9154966
0.66821289 0.91912617
0.67016602 0.92265426
0.67211914 0.92602044
0.67407227 0.92917864
0.67602539 0.93210245
0.67797852 0.93478813
0.67993164 0.9372549
0.68188477 0.93954268
0.68383789 0.94170742
0.68579102 0.9438149
0.68774414 0.9459335
0.68969727 0.94812709
0.69165039 0.95044871
0.69360352 0.9529358
0.69555664 0.95560739
0.69750977 0.95846342
0.69946289 0.96148617
0.70141602 0.96464324
0.70336914 0.96789169
0.70532227 0.97118263
0.70727539 0.97446551
0.70922852 0.97769181
0.71118164 0.98081741
0.71313477 0.98380381
0.71508789 0.98661807
0.71704102 0.98923179
0.71899414 0.99161956
0.72094727 0.99375732
0.72290039 0.99562109
0.72485352 0.99718646
0.72680664 0.99842884
0.72875977 0.99932475
0.73071289 0.99985363
0.73266602 1
0.73461914 0.9997555
0.73657227 0.99912021
0.73852539 0.99810307
0.74047852 0.99672094
0.74243164 0.99499646
0.74438477 0.9929548
0.74633789 0.99061966
0.74829102 0.98800923
0.75024414 0.98513256
0.75219727 0.98198711
0.75415039 0.97855792
0.75610352 0.97481861
0.75805664 0.97073444
0.76000977 0.96626704
0.76196289 0.96138029
0.76391602 0.95604674
0.76586914 0.95025365
0.76782227 0.94400786
0.76977539 0.93733874
0.77172852 0.93029876
0.77368164 0.92296149
0.77563477 0.91541714
0.77758789 0.90776608
0.77954102 0.90011119
0.78149414 0.89254978
0.78344727 0.88516614
0.78540039 0.87802569
0.78735352 0.8711712
0.78930664 0.86462169
0.79125977 0.85837396
0.79321289 0.85240649
0.79516602 0.84668506
0.79711914 0.84116932
0.79907227 0.83581925
0.80102539 0.83060077
0.80297852 0.82548957
0.80493164 0.8204728
0.80688477 0.81554843
0.80883789 0.81072244
0.81079102 0.80600439
0.81274414 0.80140225
0.81469727 0.79691713
0.81665039 0.79253918
0.81860352 0.78824499
0.82055664 0.78399743
0.82250977 0.77974765
0.82446289 0.77543943
0.82641602 0.77101504
0.82836914 0.76642197
0.83032227 0.76161946
0.83227539 0.75658382
0.83422852 0.75131186
0.83618164 0.74582156
0.83813477 0.74015
0.84008789 0.73434853
0.84204102 0.72847579
0.84399414 0.72258953
0.84594727 0.71673809
0.84790039 0.71095299
0.84985352 0.70524336
0.85180664 0.69959327
0.85375977 0.69396224
0.85571289 0.68828903
0.85766602 0.68249827
0.85961914 0.67650915
0.86157227 0.67024506
0.86352539 0.66364294
0.86547852 0.6566612
0.86743164 0.64928502
0.86938477 0.64152858
0.87133789 0.63343366
0.87329102 0.62506491
0.87524414 0.61650238
0.87719727 0.60783215
0.87915039 0.59913639
0.88110352 0.59048386
0.88305664 0.58192231
0.88500977 0.57347337
0.88696289 0.56513072
0.88891602 0.55686158
0.89086914 0.5486113
0.89282227 0.54031026
0.89477539 0.53188233
0.89672852 0.52325358
0.89868164 0.51436034
0.90063477 0.50515547
0.90258789 0.49561237
0.90454102 0.48572616
0.90649414 0.47551225
0.90844727 0.46500259
0.91040039 0.45424033
0.91235352 0.44327366
0.91430664 0.43214983
0.91625977 0.42091008
0.91821289 0.40958617
0.92016602 0.39819882
0.92211914 0.38675817
0.92407227 0.37526592
0.92602539 0.36371878
0.92797852 0.3521124
0.92993164 0.34044528
0.93188477 0.32872177
0.93383789 0.31695392
0.93579102 0.30516166
0.93774414 0.29337152
0.93969727 0.28161395
0.94165039 0.26991991
0.94360352 0.25831712
0.94555664 0.24682675
0.94750977 0.23546103
0.94946289 0.2242223
0.95141602 0.21310363
0.95336914 0.20209093
0.95532227 0.19116645
0.95727539 0.18031298
0.95922852 0.16951826
0.96118164 0.15877898
0.96313477 0.14810372
0.96508789 0.13751443
0.96704102 0.12704617
0.96899414 0.11674523
0.97094727 0.10666569
0.97290039 0.096864915
0.97485352 0.087398656
0.97680664 0.078316104
0.97875977 0.069655685
0.98071289 0.061441924
0.98266602 0.053683678
0.98461914 0.046373827
0.98657227 0.039490276
0.98852539 0.032997994
0.99047852 0.026851692
0.99243164 0.020998698
0.99438477 0.015381617
0.99633789 0.0099404984
0.99829102 0.0046143155
