r poi heat adv
1 1 1 1
2 0.25000941 0.98045433 1
3 0.11112227 0.98045433 1
4 0.062511767 0.92407981 1
5 0.04001205 0.92407981 1
6 0.027789982 0.83723299 1
7 0.020420461 0.83723299 1
8 0.01563736 0.72918534 1
9 0.012358081 0.72918534 1
10 0.010012434 0.61049803 1
11 0.0082769202 0.61049803 1
12 0.0069569206 0.49134364 1
13 0.0059296512 0.49134364 1
14 0.005114545 0.38013789 1
15 0.0044569597 0.38013789 1
16 0.0039187749 0.28271686 1
17 0.0034727412 0.28271686 1
18 0.0030989614 0.20212359 1
19 0.0027826322 0.20212359 1
20 0.0025125562 0.13891113 1
21 0.0022801367 0.13891113 1
22 0.0020786853 0.091772346 1
23 0.0019029353 0.091772346 1
24 0.0017486936 0.058282927 1
25 0.0016125889 0.058282927 1
26 0.0014918852 0.035581612 1
27 0.0013843438 0.035581612 1
28 0.0012881183 0.020881641 1
29 0.0012016753 0.020881641 1
30 0.0011237324 0.011780355 1
31 0.0010532107 0.011780355 1
32 0.0009891973 0.0063886171 1
33 0.0009309154 0.0063886171 1
34 0.00087770074 0.003330505 1
35 0.00082898259 0.003330505 1
36 0.00078426837 0.001669045 1
37 0.00074313115 0.001669045 1
38 0.00070519942 0.00080404576 1
39 0.00067014869 0.00080404576 1
40 0.0006376945 0.00037234731 1
41 0.00060758669 0.00037234731 1
42 0.00057960447 0.00016575644 1
43 0.00055355247 0.00016575644 1
44 0.00052925722 7.0932839e-05 1
45 0.00050656436 7.0932839e-05 1
46 0.00048533607 2.9179579e-05 1
47 0.00046544907 2.9179579e-05 1
48 0.00044679278 1.1538927e-05 1
49 0.00042926778 1.1538927e-05 1
50 0.0004127845 4.3863834e-06 1
51 0.00039726204 4.3863834e-06 1
52 0.00038262725 1.6028854e-06 1
53 0.00036881377 1.6028854e-06 1
54 0.00035576135 5.6305799e-07 1
55 0.00034341517 5.6305799e-07 1
56 0.00033172524 1.9013344e-07 1
57 0.00032064593 1.9013344e-07 1
58 0.00031013552 6.1718964e-08 1
59 0.00030015578 6.1718964e-08 1
60 0.00029067164 1.9258989e-08 1
61 0.00028165088 1.9258989e-08 1
62 0.00027306388 5.7770096e-09 1
63 0.00026488331 5.7770096e-09 1
64 0.000257084 1.6658175e-09 1
65 0.00024964268 1.6658175e-09 1
66 0.00024253782 4.6174959e-10 1
67 0.00023574952 4.6174959e-10 1
68 0.00022925929 1.2303831e-10 1
69 0.00022305 1.2303831e-10 1
70 0.00021710572 3.1515842e-11 1
71 0.00021141165 3.1515842e-11 1
72 0.00020595399 7.7601876e-12 1
73 0.00020071989 7.7601876e-12 1
74 0.00019569736 1.8368355e-12 1
75 0.00019087521 1.8368355e-12 1
76 0.00018624297 4.1794878e-13 1
77 0.00018179085 4.1794878e-13 1
78 0.0001775097 9.1417763e-14 1
79 0.00017339092 9.1417763e-14 1
80 0.00016942646 1.9221747e-14 1
81 0.00016560875 1.9221747e-14 1
82 0.0001619307 3.8851687e-15 1
83 0.00015838563 3.8851687e-15 1
84 0.00015496725 7.5488645e-16 1
85 0.00015166965 7.5488645e-16 1
86 0.00014848727 1.4099643e-16 1
87 0.00014541483 1.4099643e-16 1
88 0.0001424474 1e-16 1
89 0.00013958029 1e-16 1
90 0.00013680907 1e-16 1
91 0.00013412957 1e-16 1
92 0.00013153783 1e-16 1
93 0.00012903011 1e-16 1
94 0.00012660288 1e-16 1
95 0.00012425276 1e-16 1
96 0.00012197658 1e-16 1
97 0.00011977131 1e-16 1
98 0.00011763408 1e-16 1
99 0.00011556218 1e-16 1
100 0.00011355302 1e-16 1
101 0.00011160413 1e-16 1
102 0.00010971318 1e-16 1
103 0.00010787794 1e-16 1
104 0.00010609629 1e-16 1
105 0.0001043662 1e-16 1
106 0.00010268576 1e-16 1
107 0.00010105313 1e-16 1
108 9.9466565e-05 1e-16 1
109 9.7924384e-05 1e-16 1
110 9.6424997e-05 1e-16 1
111 9.4966883e-05 1e-16 1
112 9.3548584e-05 1e-16 1
113 9.2168711e-05 1e-16 1
114 9.0825934e-05 1e-16 1
115 8.951898e-05 1e-16 1
116 8.8246631e-05 1e-16 1
117 8.7007722e-05 1e-16 1
118 8.5801136e-05 1e-16 1
119 8.4625804e-05 1e-16 1
120 8.34807e-05 1e-16 1
121 8.2364843e-05 1e-16 1
122 8.1277289e-05 1e-16 1
123 8.0217135e-05 1e-16 1
124 7.9183512e-05 1e-16 1
125 7.8175587e-05 1e-16 1
126 7.7192561e-05 1e-16 1
127 7.6233665e-05 1e-16 1
128 7.5298161e-05 1e-16 1
129 7.4385338e-05 1e-16 1
130 7.3494515e-05 1e-16 1
131 7.2625035e-05 1e-16 1
132 7.1776266e-05 1e-16 1
133 7.0947602e-05 1e-16 1
134 7.0138456e-05 1e-16 1
135 6.9348266e-05 1e-16 1
136 6.8576489e-05 1e-16 1
137 6.7822604e-05 1e-16 1
138 6.7086105e-05 1e-16 1
139 6.6366509e-05 1e-16 1
140 6.5663347e-05 1e-16 1
141 6.4976168e-05 1e-16 1
142 6.4304536e-05 1e-16 1
143 6.3648032e-05 1e-16 1
144 6.3006251e-05 1e-16 1
145 6.2378801e-05 1e-16 1
146 6.1765306e-05 1e-16 1
147 6.1165399e-05 1e-16 1
148 6.057873e-05 1e-16 1
149 6.0004958e-05 1e-16 1
150 5.9443753e-05 1e-16 1
151 5.88948e-05 1e-16 1
152 5.8357789e-05 1e-16 1
153 5.7832425e-05 1e-16 1
154 5.7318419e-05 1e-16 1
155 5.6815495e-05 1e-16 1
156 5.6323384e-05 1e-16 1
157 5.5841826e-05 1e-16 1
158 5.5370568e-05 1e-16 1
159 5.4909368e-05 1e-16 1
160 5.445799e-05 1e-16 1
161 5.4016206e-05 1e-16 1
162 5.3583794e-05 1e-16 1
163 5.316054e-05 1e-16 1
164 5.2746238e-05 1e-16 1
165 5.2340686e-05 1e-16 1
166 5.194369e-05 1e-16 1
167 5.155506e-05 1e-16 1
168 5.1174615e-05 1e-16 1
169 5.0802176e-05 1e-16 1
170 5.0437573e-05 1e-16 1
171 5.0080638e-05 1e-16 1
172 4.973121e-05 1e-16 1
173 4.9389132e-05 1e-16 1
174 4.9054253e-05 1e-16 1
175 4.8726424e-05 1e-16 1
176 4.8405504e-05 1e-16 1
177 4.8091353e-05 1e-16 1
178 4.7783836e-05 1e-16 1
179 4.7482824e-05 1e-16 1
180 4.7188189e-05 1e-16 1
181 4.6899809e-05 1e-16 1
182 4.6617563e-05 1e-16 1
183 4.6341337e-05 1e-16 1
184 4.6071017e-05 1e-16 1
185 4.5806495e-05 1e-16 1
186 4.5547664e-05 1e-16 1
187 4.5294421e-05 1e-16 1
188 4.5046668e-05 1e-16 1
189 4.4804306e-05 1e-16 1
190 4.4567241e-05 1e-16 1
191 4.4335383e-05 1e-16 1
192 4.4108641e-05 1e-16 1
193 4.3886931e-05 1e-16 1
194 4.3670169e-05 1e-16 1
195 4.3458272e-05 1e-16 1
196 4.3251163e-05 1e-16 1
197 4.3048765e-05 1e-16 1
198 4.2851003e-05 1e-16 1
199 4.2657805e-05 1e-16 1
200 4.2469101e-05 1e-16 1
201 4.2284824e-05 1e-16 1
202 4.2104907e-05 1e-16 1
203 4.1929287e-05 1e-16 1
204 4.1757901e-05 1e-16 1
205 4.1590688e-05 1e-16 1
206 4.1427591e-05 1e-16 1
207 4.1268553e-05 1e-16 1
208 4.1113519e-05 1e-16 1
209 4.0962435e-05 1e-16 1
210 4.0815251e-05 1e-16 1
211 4.0671915e-05 1e-16 1
212 4.0532379e-05 1e-16 1
213 4.0396597e-05 1e-16 1
214 4.0264523e-05 1e-16 1
215 4.0136113e-05 1e-16 1
216 4.0011324e-05 1e-16 1
217 3.9890115e-05 1e-16 1
218 3.9772446e-05 1e-16 1
219 3.9658279e-05 1e-16 1
220 3.9547576e-05 1e-16 1
221 3.9440301e-05 1e-16 1
222 3.9336421e-05 1e-16 1
223 3.9235901e-05 1e-16 1
224 3.9138709e-05 1e-16 1
225 3.9044814e-05 1e-16 1
226 3.8954186e-05 1e-16 1
227 3.8866796e-05 1e-16 1
228 3.8782618e-05 1e-16 1
229 3.8701623e-05 1e-16 1
230 3.8623787e-05 1e-16 1
231 3.8549085e-05 1e-16 1
232 3.8477494e-05 1e-16 1
233 3.8408992e-05 1e-16 1
234 3.8343558e-05 1e-16 1
235 3.828117e-05 1e-16 1
236 3.822181e-05 1e-16 1
237 3.816546e-05 1e-16 1
238 3.8112102e-05 1e-16 1
239 3.806172e-05 1e-16 1
240 3.8014297e-05 1e-16 1
241 3.7969821e-05 1e-16 1
242 3.7928277e-05 1e-16 1
243 3.7889653e-05 1e-16 1
244 3.7853936e-05 1e-16 1
245 3.7821117e-05 1e-16 1
246 3.7791184e-05 1e-16 1
247 3.7764129e-05 1e-16 1
248 3.7739945e-05 1e-16 1
249 3.7718622e-05 1e-16 1
250 3.7700156e-05 1e-16 1
251 3.7684539e-05 1e-16 1
252 3.7671769e-05 1e-16 1
253 3.7661841e-05 1e-16 1
254 3.7654751e-05 1e-16 1
255 3.7650498e-05 1e-16 1
256 3.764908e-05 1e-16 1
