x p lik w1 w3
-2.400000 0.000012 0.000746 0.000000 0.000000
-2.390000 0.000014 0.000769 0.000000 0.000000
-2.380000 0.000017 0.000792 0.000000 0.000000
-2.370000 0.000020 0.000816 0.000000 0.000000
-2.360000 0.000023 0.000841 0.000000 0.000000
-2.350000 0.000027 0.000867 0.000000 0.000000
-2.340000 0.000031 0.000893 0.000000 0.000000
-2.330000 0.000036 0.000920 0.000000 0.000000
-2.320000 0.000042 0.000948 0.000000 0.000000
-2.310000 0.000048 0.000977 0.000000 0.000000
-2.300000 0.000056 0.001007 0.000000 0.000000
-2.290000 0.000064 0.001037 0.000000 0.000000
-2.280000 0.000074 0.001069 0.000000 0.000000
-2.270000 0.000085 0.001101 0.000000 0.000000
-2.260000 0.000098 0.001135 0.000000 0.000000
-2.250000 0.000113 0.001170 0.000000 0.000000
-2.240000 0.000130 0.001205 0.000000 0.000000
-2.230000 0.000149 0.001242 0.000000 0.000000
-2.220000 0.000170 0.001280 0.000000 0.000000
-2.210000 0.000195 0.001318 0.000001 0.000000
-2.200000 0.000223 0.001359 0.000001 0.000000
-2.190000 0.000255 0.001400 0.000001 0.000000
-2.180000 0.000291 0.001442 0.000001 0.000000
-2.170000 0.000331 0.001486 0.000001 0.000000
-2.160000 0.000377 0.001531 0.000001 0.000000
-2.150000 0.000428 0.001578 0.000001 0.000000
-2.140000 0.000487 0.001626 0.000002 0.000000
-2.130000 0.000552 0.001675 0.000002 0.000000
-2.120000 0.000625 0.001726 0.000002 0.000000
-2.110000 0.000708 0.001779 0.000003 0.000000
-2.100000 0.000800 0.001833 0.000003 0.000000
-2.090000 0.000904 0.001889 0.000003 0.000000
-2.080000 0.001020 0.001946 0.000004 0.000000
-2.070000 0.001149 0.002005 0.000005 0.000000
-2.060000 0.001294 0.002066 0.000005 0.000000
-2.050000 0.001454 0.002129 0.000006 0.000000
-2.040000 0.001634 0.002194 0.000007 0.000000
-2.030000 0.001833 0.002260 0.000008 0.000000
-2.020000 0.002054 0.002329 0.000010 0.000000
-2.010000 0.002299 0.002400 0.000011 0.000000
-2.000000 0.002570 0.002473 0.000013 0.000000
-1.990000 0.002871 0.002548 0.000015 0.000000
-1.980000 0.003203 0.002625 0.000017 0.000000
-1.970000 0.003569 0.002705 0.000019 0.000000
-1.960000 0.003973 0.002787 0.000022 0.000000
-1.950000 0.004418 0.002872 0.000025 0.000000
-1.940000 0.004907 0.002959 0.000029 0.000000
-1.930000 0.005445 0.003049 0.000033 0.000000
-1.920000 0.006034 0.003141 0.000038 0.000000
-1.910000 0.006680 0.003237 0.000043 0.000000
-1.900000 0.007386 0.003335 0.000049 0.000000
-1.890000 0.008159 0.003436 0.000056 0.000000
-1.880000 0.009002 0.003540 0.000064 0.000000
-1.870000 0.009921 0.003648 0.000072 0.000000
-1.860000 0.010922 0.003758 0.000082 0.000000
-1.850000 0.012010 0.003872 0.000093 0.000000
-1.840000 0.013192 0.003990 0.000105 0.000000
-1.830000 0.014475 0.004111 0.000119 0.000000
-1.820000 0.015865 0.004236 0.000134 0.000000
-1.810000 0.017368 0.004364 0.000152 0.000000
-1.800000 0.018993 0.004496 0.000171 0.000000
-1.790000 0.020747 0.004633 0.000192 0.000000
-1.780000 0.022638 0.004773 0.000216 0.000000
-1.770000 0.024674 0.004918 0.000243 0.000000
-1.760000 0.026863 0.005067 0.000272 0.000000
-1.750000 0.029214 0.005220 0.000305 0.000000
-1.740000 0.031735 0.005378 0.000341 0.000000
-1.730000 0.034435 0.005541 0.000382 0.000000
-1.720000 0.037324 0.005709 0.000426 0.000000
-1.710000 0.040410 0.005882 0.000475 0.000000
-1.700000 0.043703 0.006060 0.000530 0.000000
-1.690000 0.047212 0.006243 0.000590 0.000000
-1.680000 0.050945 0.006432 0.000655 0.000000
-1.670000 0.054913 0.006627 0.000728 0.000000
-1.660000 0.059124 0.006827 0.000807 0.000000
-1.650000 0.063588 0.007034 0.000895 0.000000
-1.640000 0.068312 0.007246 0.000990 0.000000
-1.630000 0.073306 0.007465 0.001095 0.000000
-1.620000 0.078578 0.007691 0.001209 0.000000
-1.610000 0.084135 0.007923 0.001333 0.000000
-1.600000 0.089985 0.008163 0.001469 0.000000
-1.590000 0.096135 0.008409 0.001617 0.000000
-1.580000 0.102591 0.008663 0.001777 0.000000
-1.570000 0.109360 0.008924 0.001952 0.000000
-1.560000 0.116445 0.009194 0.002141 0.000000
-1.550000 0.123852 0.009471 0.002346 0.000000
-1.540000 0.131584 0.009757 0.002568 0.000000
-1.530000 0.139643 0.010051 0.002807 0.000000
-1.520000 0.148031 0.010354 0.003065 0.000000
-1.510000 0.156748 0.010666 0.003344 0.000000
-1.500000 0.165795 0.010987 0.003643 0.000001
-1.490000 0.175169 0.011318 0.003965 0.000001
-1.480000 0.184868 0.011658 0.004311 0.000001
-1.470000 0.194887 0.012009 0.004681 0.000001
-1.460000 0.205221 0.012370 0.005077 0.000001
-1.450000 0.215863 0.012742 0.005501 0.000001
-1.440000 0.226804 0.013125 0.005954 0.000001
-1.430000 0.238036 0.013520 0.006436 0.000001
-1.420000 0.249546 0.013926 0.006950 0.000002
-1.410000 0.261322 0.014344 0.007497 0.000002
-1.400000 0.273350 0.014774 0.008077 0.000002
-1.390000 0.285614 0.015217 0.008692 0.000002
-1.380000 0.298097 0.015673 0.009344 0.000003
-1.370000 0.310780 0.016143 0.010034 0.000003
-1.360000 0.323643 0.016626 0.010762 0.000004
-1.350000 0.336664 0.017124 0.011530 0.000004
-1.340000 0.349820 0.017636 0.012339 0.000005
-1.330000 0.363087 0.018164 0.013190 0.000005
-1.320000 0.376438 0.018707 0.014084 0.000006
-1.310000 0.389847 0.019265 0.015021 0.000007
-1.300000 0.403285 0.019840 0.016003 0.000008
-1.290000 0.416722 0.020432 0.017029 0.000009
-1.280000 0.430130 0.021041 0.018101 0.000010
-1.270000 0.443475 0.021668 0.019219 0.000011
-1.260000 0.456727 0.022313 0.020382 0.000012
-1.250000 0.469853 0.022977 0.021592 0.000014
-1.240000 0.482819 0.023661 0.022848 0.000015
-1.230000 0.495592 0.024364 0.024149 0.000017
-1.220000 0.508138 0.025087 0.025495 0.000019
-1.210000 0.520423 0.025831 0.026886 0.000022
-1.200000 0.532413 0.026597 0.028321 0.000024
-1.190000 0.544075 0.027385 0.029799 0.000027
-1.180000 0.555374 0.028195 0.031318 0.000030
-1.170000 0.566279 0.029029 0.032877 0.000033
-1.160000 0.576756 0.029887 0.034475 0.000037
-1.150000 0.586776 0.030769 0.036109 0.000041
-1.140000 0.596306 0.031676 0.037777 0.000046
-1.130000 0.605318 0.032609 0.039478 0.000051
-1.120000 0.613784 0.033569 0.041209 0.000056
-1.110000 0.621677 0.034556 0.042966 0.000062
-1.100000 0.628972 0.035571 0.044747 0.000068
-1.090000 0.635646 0.036615 0.046548 0.000075
-1.080000 0.641678 0.037688 0.048367 0.000083
-1.070000 0.647048 0.038791 0.050200 0.000091
-1.060000 0.651738 0.039925 0.052042 0.000100
-1.050000 0.655733 0.041091 0.053890 0.000110
-1.040000 0.659020 0.042290 0.055740 0.000120
-1.030000 0.661588 0.043522 0.057587 0.000132
-1.020000 0.663428 0.044788 0.059427 0.000144
-1.010000 0.664535 0.046089 0.061255 0.000157
-1.000000 0.664904 0.047426 0.063067 0.000171
-0.990000 0.664535 0.048800 0.064858 0.000187
-0.980000 0.663428 0.050211 0.066623 0.000203
-0.970000 0.661588 0.051661 0.068357 0.000220
-0.960000 0.659020 0.053151 0.070055 0.000239
-0.950000 0.655733 0.054681 0.071713 0.000259
-0.940000 0.651738 0.056253 0.073324 0.000280
-0.930000 0.647048 0.057867 0.074885 0.000303
-0.920000 0.641678 0.059524 0.076391 0.000327
-0.910000 0.635646 0.061226 0.077836 0.000353
-0.900000 0.628972 0.062973 0.079217 0.000380
-0.890000 0.621677 0.064767 0.080528 0.000408
-0.880000 0.613784 0.066608 0.081766 0.000438
-0.870000 0.605318 0.068498 0.082926 0.000470
-0.860000 0.596306 0.070437 0.084004 0.000504
-0.850000 0.586776 0.072426 0.084996 0.000539
-0.840000 0.576756 0.074468 0.085900 0.000575
-0.830000 0.566279 0.076562 0.086711 0.000614
-0.820000 0.555374 0.078710 0.087428 0.000654
-0.810000 0.544075 0.080913 0.088046 0.000696
-0.800000 0.532413 0.083173 0.088565 0.000740
-0.790000 0.520423 0.085489 0.088981 0.000786
-0.780000 0.508138 0.087864 0.089294 0.000833
-0.770000 0.495592 0.090298 0.089502 0.000882
-0.760000 0.482819 0.092793 0.089605 0.000932
-0.750000 0.469853 0.095349 0.089601 0.000984
-0.740000 0.456727 0.097969 0.089490 0.001038
-0.730000 0.443475 0.100652 0.089274 0.001093
-0.720000 0.430130 0.103400 0.088951 0.001149
-0.710000 0.416722 0.106215 0.088524 0.001207
-0.700000 0.403285 0.109097 0.087994 0.001265
-0.690000 0.389847 0.112047 0.087362 0.001325
-0.680000 0.376438 0.115067 0.086631 0.001386
-0.670000 0.363087 0.118157 0.085803 0.001447
-0.660000 0.349821 0.121319 0.084880 0.001509
-0.650000 0.336665 0.124553 0.083866 0.001572
-0.640000 0.323644 0.127862 0.082763 0.001635
-0.630000 0.310781 0.131244 0.081577 0.001698
-0.620000 0.298098 0.134703 0.080309 0.001760
-0.610000 0.285615 0.138238 0.078966 0.001823
-0.600000 0.273351 0.141851 0.077550 0.001885
-0.590000 0.261323 0.145542 0.076067 0.001947
-0.580000 0.249546 0.149313 0.074521 0.002007
-0.570000 0.238036 0.153164 0.072917 0.002067
-0.560000 0.226805 0.157095 0.071260 0.002125
-0.550000 0.215864 0.161109 0.069555 0.002181
-0.540000 0.205222 0.165205 0.067807 0.002236
-0.530000 0.194889 0.169384 0.066022 0.002288
-0.520000 0.184870 0.173647 0.064204 0.002339
-0.510000 0.175171 0.177994 0.062359 0.002387
-0.500000 0.165798 0.182426 0.060492 0.002432
-0.490000 0.156751 0.186943 0.058607 0.002474
-0.480000 0.148034 0.191545 0.056711 0.002514
-0.470000 0.139647 0.196234 0.054807 0.002550
-0.460000 0.131588 0.201009 0.052901 0.002582
-0.450000 0.123858 0.205870 0.050997 0.002611
-0.440000 0.116452 0.210818 0.049100 0.002636
-0.430000 0.109367 0.215853 0.047215 0.002658
-0.420000 0.102600 0.220974 0.045344 0.002675
-0.410000 0.096146 0.226181 0.043493 0.002688
-0.400000 0.089997 0.231475 0.041664 0.002697
-0.390000 0.084149 0.236855 0.039862 0.002702
-0.380000 0.078595 0.242320 0.038090 0.002702
-0.370000 0.073326 0.247871 0.036351 0.002698
-0.360000 0.068335 0.253506 0.034647 0.002690
-0.350000 0.063614 0.259225 0.032981 0.002677
-0.340000 0.059155 0.265027 0.031356 0.002661
-0.330000 0.054949 0.270912 0.029773 0.002640
-0.320000 0.050987 0.276878 0.028234 0.002615
-0.310000 0.047260 0.282925 0.026742 0.002586
-0.300000 0.043759 0.289050 0.025297 0.002553
-0.290000 0.040475 0.295254 0.023901 0.002517
-0.280000 0.037398 0.301535 0.022554 0.002477
-0.270000 0.034521 0.307890 0.021257 0.002434
-0.260000 0.031833 0.314320 0.020012 0.002389
-0.250000 0.029327 0.320821 0.018817 0.002340
-0.240000 0.026993 0.327393 0.017675 0.002289
-0.230000 0.024823 0.334033 0.016583 0.002235
-0.220000 0.022809 0.340740 0.015544 0.002180
-0.210000 0.020942 0.347511 0.014555 0.002124
-0.200000 0.019216 0.354344 0.013618 0.002066
-0.190000 0.017623 0.361237 0.012732 0.002007
-0.180000 0.016155 0.368188 0.011896 0.001948
-0.170000 0.014806 0.375194 0.011110 0.001889
-0.160000 0.013569 0.382252 0.010374 0.001831
-0.150000 0.012439 0.389361 0.009686 0.001774
-0.140000 0.011408 0.396517 0.009047 0.001718
-0.130000 0.010473 0.403717 0.008456 0.001665
-0.120000 0.009627 0.410960 0.007913 0.001614
-0.110000 0.008867 0.418241 0.007417 0.001567
-0.100000 0.008187 0.425557 0.006968 0.001524
-0.090000 0.007584 0.432907 0.006566 0.001487
-0.080000 0.007054 0.440286 0.006211 0.001455
-0.070000 0.006594 0.447692 0.005904 0.001430
-0.060000 0.006201 0.455121 0.005644 0.001412
-0.050000 0.005873 0.462570 0.005433 0.001404
-0.040000 0.005607 0.470036 0.005271 0.001407
-0.030000 0.005402 0.477515 0.005159 0.001421
-0.020000 0.005257 0.485004 0.005099 0.001449
-0.010000 0.005170 0.492501 0.005092 0.001492
0.000000 0.005141 0.500000 0.005141 0.001553
0.010000 0.005170 0.507499 0.005247 0.001633
0.020000 0.005257 0.514996 0.005414 0.001735
0.030000 0.005402 0.522485 0.005645 0.001862
0.040000 0.005607 0.529964 0.005943 0.002017
0.050000 0.005873 0.537430 0.006312 0.002203
0.060000 0.006201 0.544879 0.006758 0.002424
0.070000 0.006594 0.552308 0.007284 0.002684
0.080000 0.007054 0.559714 0.007896 0.002989
0.090000 0.007584 0.567093 0.008601 0.003342
0.100000 0.008187 0.574443 0.009406 0.003750
0.110000 0.008867 0.581759 0.010317 0.004218
0.120000 0.009627 0.589040 0.011342 0.004754
0.130000 0.010473 0.596283 0.012490 0.005365
0.140000 0.011408 0.603483 0.013769 0.006058
0.150000 0.012439 0.610639 0.015191 0.006843
0.160000 0.013569 0.617748 0.016765 0.007729
0.170000 0.014806 0.624806 0.018502 0.008726
0.180000 0.016155 0.631812 0.020414 0.009845
0.190000 0.017623 0.638763 0.022514 0.011098
0.200000 0.019216 0.645656 0.024814 0.012497
0.210000 0.020942 0.652489 0.027330 0.014057
0.220000 0.022809 0.659260 0.030074 0.015791
0.230000 0.024823 0.665967 0.033062 0.017715
0.240000 0.026993 0.672607 0.036311 0.019846
0.250000 0.029327 0.679179 0.039836 0.022200
0.260000 0.031833 0.685680 0.043655 0.024796
0.270000 0.034521 0.692110 0.047784 0.027653
0.280000 0.037398 0.698465 0.052243 0.030791
0.290000 0.040475 0.704746 0.057049 0.034230
0.300000 0.043759 0.710950 0.062221 0.037994
0.310000 0.047260 0.717075 0.067778 0.042104
0.320000 0.050987 0.723122 0.073740 0.046583
0.330000 0.054949 0.729088 0.080126 0.051456
0.340000 0.059155 0.734973 0.086955 0.056747
0.350000 0.063614 0.740775 0.094248 0.062481
0.360000 0.068335 0.746494 0.102024 0.068684
0.370000 0.073326 0.752129 0.110301 0.075382
0.380000 0.078595 0.757680 0.119099 0.082600
0.390000 0.084149 0.763145 0.128436 0.090366
0.400000 0.089997 0.768525 0.138331 0.098704
0.410000 0.096146 0.773819 0.148799 0.107642
0.420000 0.102600 0.779026 0.159857 0.117203
0.430000 0.109367 0.784147 0.171521 0.127413
0.440000 0.116452 0.789182 0.183803 0.138296
0.450000 0.123858 0.794130 0.196718 0.149875
0.460000 0.131588 0.798991 0.210276 0.162172
0.470000 0.139647 0.803766 0.224487 0.175208
0.480000 0.148034 0.808455 0.239358 0.189000
0.490000 0.156751 0.813057 0.254896 0.203567
0.500000 0.165798 0.817574 0.271104 0.218924
0.510000 0.175171 0.822006 0.287985 0.235083
0.520000 0.184870 0.826353 0.305536 0.252056
0.530000 0.194889 0.830616 0.323756 0.269849
0.540000 0.205222 0.834795 0.342637 0.288468
0.550000 0.215864 0.838891 0.362173 0.307914
0.560000 0.226805 0.842905 0.382351 0.328187
0.570000 0.238036 0.846836 0.403156 0.349281
0.580000 0.249546 0.850687 0.424572 0.371188
0.590000 0.261323 0.854458 0.446579 0.393896
0.600000 0.273351 0.858149 0.469152 0.417389
0.610000 0.285615 0.861762 0.492264 0.441647
0.620000 0.298098 0.865297 0.515887 0.466646
0.630000 0.310781 0.868756 0.539986 0.492357
0.640000 0.323644 0.872138 0.564525 0.518748
0.650000 0.336665 0.875447 0.589465 0.545783
0.660000 0.349821 0.878681 0.614763 0.573420
0.670000 0.363087 0.881843 0.640373 0.601614
0.680000 0.376438 0.884933 0.666246 0.630316
0.690000 0.389847 0.887953 0.692332 0.659473
0.700000 0.403285 0.890903 0.718576 0.689027
0.710000 0.416722 0.893785 0.744922 0.718918
0.720000 0.430130 0.896600 0.771309 0.749080
0.730000 0.443475 0.899348 0.797679 0.779446
0.740000 0.456727 0.902031 0.823966 0.809944
0.750000 0.469853 0.904651 0.850107 0.840500
0.760000 0.482819 0.907207 0.876035 0.871038
0.770000 0.495592 0.909702 0.901684 0.901478
0.780000 0.508138 0.912136 0.926984 0.931738
0.790000 0.520423 0.914511 0.951867 0.961737
0.800000 0.532413 0.916827 0.976264 0.991390
0.810000 0.544075 0.919087 1.000105 1.020613
0.820000 0.555374 0.921290 1.023323 1.049319
0.830000 0.566279 0.923438 1.045848 1.077424
0.840000 0.576756 0.925532 1.067615 1.104842
0.850000 0.586776 0.927574 1.088557 1.131489
0.860000 0.596306 0.929563 1.108609 1.157281
0.870000 0.605318 0.931502 1.127712 1.182139
0.880000 0.613784 0.933392 1.145803 1.205981
0.890000 0.621677 0.935233 1.162827 1.228732
0.900000 0.628972 0.937027 1.178729 1.250318
0.910000 0.635646 0.938774 1.193458 1.270667
0.920000 0.641678 0.940476 1.206967 1.289713
0.930000 0.647048 0.942133 1.219212 1.307393
0.940000 0.651738 0.943747 1.230153 1.323649
0.950000 0.655733 0.945319 1.239755 1.338427
0.960000 0.659020 0.946849 1.247986 1.351679
0.970000 0.661588 0.948339 1.254820 1.363361
0.980000 0.663428 0.949789 1.260235 1.373434
0.990000 0.664535 0.951200 1.264213 1.381868
1.000000 0.664904 0.952574 1.266742 1.388636
1.010000 0.664535 0.953911 1.267816 1.393717
1.020000 0.663428 0.955212 1.267431 1.397097
1.030000 0.661588 0.956478 1.265590 1.398769
1.040000 0.659020 0.957710 1.262302 1.398730
1.050000 0.655733 0.958909 1.257578 1.396986
1.060000 0.651738 0.960075 1.251436 1.393545
1.070000 0.647048 0.961209 1.243898 1.388426
1.080000 0.641678 0.962312 1.234991 1.381651
1.090000 0.635646 0.963385 1.224746 1.373247
1.100000 0.628972 0.964429 1.213199 1.363248
1.110000 0.621677 0.965444 1.200390 1.351695
1.120000 0.613784 0.966431 1.186360 1.338630
1.130000 0.605318 0.967391 1.171159 1.324104
1.140000 0.596306 0.968324 1.154836 1.308169
1.150000 0.586776 0.969231 1.137444 1.290884
1.160000 0.576756 0.970113 1.119040 1.272310
1.170000 0.566279 0.970971 1.099683 1.252513
1.180000 0.555374 0.971805 1.079432 1.231561
1.190000 0.544075 0.972615 1.058353 1.209525
1.200000 0.532413 0.973403 1.036507 1.186479
1.210000 0.520423 0.974169 1.013962 1.162499
1.220000 0.508138 0.974913 0.990783 1.137660
1.230000 0.495592 0.975636 0.967037 1.112043
1.240000 0.482819 0.976339 0.942792 1.085726
1.250000 0.469853 0.977023 0.918116 1.058788
1.260000 0.456727 0.977687 0.893074 1.031310
1.270000 0.443475 0.978332 0.867733 1.003370
1.280000 0.430130 0.978959 0.842160 0.975047
1.290000 0.416722 0.979568 0.816417 0.946419
1.300000 0.403285 0.980160 0.790568 0.917562
1.310000 0.389847 0.980735 0.764674 0.888550
1.320000 0.376438 0.981293 0.738794 0.859456
1.330000 0.363087 0.981836 0.712985 0.830350
1.340000 0.349820 0.982364 0.687303 0.801300
1.350000 0.336664 0.982876 0.661800 0.772372
1.360000 0.323643 0.983374 0.636526 0.743628
1.370000 0.310780 0.983857 0.611528 0.715127
1.380000 0.298097 0.984327 0.586851 0.686925
1.390000 0.285614 0.984783 0.562537 0.659075
1.400000 0.273350 0.985226 0.538624 0.631626
1.410000 0.261322 0.985656 0.515148 0.604624
1.420000 0.249546 0.986074 0.492142 0.578113
1.430000 0.238036 0.986480 0.469636 0.552129
1.440000 0.226804 0.986875 0.447655 0.526708
1.450000 0.215863 0.987258 0.426225 0.501883
1.460000 0.205221 0.987630 0.405365 0.477680
1.470000 0.194887 0.987991 0.385094 0.454124
1.480000 0.184868 0.988342 0.365426 0.431237
1.490000 0.175169 0.988682 0.346374 0.409036
1.500000 0.165795 0.989013 0.327948 0.387535
1.510000 0.156748 0.989334 0.310154 0.366746
1.520000 0.148031 0.989646 0.292997 0.346677
1.530000 0.139643 0.989949 0.276479 0.327333
1.540000 0.131584 0.990243 0.260600 0.308717
1.550000 0.123852 0.990529 0.245358 0.290829
1.560000 0.116445 0.990806 0.230749 0.273666
1.570000 0.109360 0.991076 0.216768 0.257224
1.580000 0.102591 0.991337 0.203405 0.241495
1.590000 0.096135 0.991591 0.190653 0.226471
1.600000 0.089985 0.991837 0.178501 0.212141
1.610000 0.084135 0.992077 0.166937 0.198493
1.620000 0.078578 0.992309 0.155947 0.185512
1.630000 0.073306 0.992535 0.145518 0.173185
1.640000 0.068312 0.992754 0.135634 0.161494
1.650000 0.063588 0.992966 0.126281 0.150422
1.660000 0.059124 0.993173 0.117442 0.139950
1.670000 0.054913 0.993373 0.109099 0.130061
1.680000 0.050945 0.993568 0.101235 0.120734
1.690000 0.047212 0.993757 0.093834 0.111950
1.700000 0.043703 0.993940 0.086877 0.103688
1.710000 0.040410 0.994118 0.080346 0.095927
1.720000 0.037324 0.994291 0.074222 0.088647
1.730000 0.034435 0.994459 0.068489 0.081828
1.740000 0.031735 0.994622 0.063129 0.075448
1.750000 0.029214 0.994780 0.058123 0.069487
1.760000 0.026863 0.994933 0.053454 0.063925
1.770000 0.024674 0.995082 0.049106 0.058742
1.780000 0.022638 0.995227 0.045061 0.053919
1.790000 0.020747 0.995367 0.041303 0.049436
1.800000 0.018993 0.995504 0.037816 0.045275
1.810000 0.017368 0.995636 0.034585 0.041418
1.820000 0.015865 0.995764 0.031595 0.037847
1.830000 0.014475 0.995889 0.028831 0.034545
1.840000 0.013192 0.996010 0.026280 0.031496
1.850000 0.012010 0.996128 0.023927 0.028683
1.860000 0.010922 0.996242 0.021761 0.026093
1.870000 0.009921 0.996352 0.019769 0.023710
1.880000 0.009002 0.996460 0.017940 0.021520
1.890000 0.008159 0.996564 0.016261 0.019511
1.900000 0.007386 0.996665 0.014724 0.017669
1.910000 0.006680 0.996763 0.013316 0.015984
1.920000 0.006034 0.996859 0.012030 0.014443
1.930000 0.005445 0.996951 0.010856 0.013036
1.940000 0.004907 0.997041 0.009786 0.011752
1.950000 0.004418 0.997128 0.008811 0.010584
1.960000 0.003973 0.997213 0.007925 0.009521
1.970000 0.003569 0.997295 0.007120 0.008555
1.980000 0.003203 0.997375 0.006389 0.007678
1.990000 0.002871 0.997452 0.005727 0.006884
2.000000 0.002570 0.997527 0.005128 0.006165
2.010000 0.002299 0.997600 0.004587 0.005515
2.020000 0.002054 0.997671 0.004098 0.004928
2.030000 0.001833 0.997740 0.003657 0.004398
2.040000 0.001634 0.997806 0.003260 0.003921
2.050000 0.001454 0.997871 0.002903 0.003492
2.060000 0.001294 0.997934 0.002582 0.003106
2.070000 0.001149 0.997995 0.002294 0.002760
2.080000 0.001020 0.998054 0.002036 0.002450
2.090000 0.000904 0.998111 0.001805 0.002172
2.100000 0.000800 0.998167 0.001598 0.001923
2.110000 0.000708 0.998221 0.001413 0.001701
2.120000 0.000625 0.998274 0.001249 0.001503
2.130000 0.000552 0.998325 0.001102 0.001327
2.140000 0.000487 0.998374 0.000972 0.001170
2.150000 0.000428 0.998422 0.000856 0.001030
2.160000 0.000377 0.998469 0.000753 0.000906
2.170000 0.000331 0.998514 0.000661 0.000796
2.180000 0.000291 0.998558 0.000580 0.000699
2.190000 0.000255 0.998600 0.000509 0.000613
2.200000 0.000223 0.998641 0.000445 0.000537
2.210000 0.000195 0.998682 0.000390 0.000470
2.220000 0.000170 0.998720 0.000340 0.000410
2.230000 0.000149 0.998758 0.000297 0.000358
2.240000 0.000130 0.998795 0.000259 0.000312
2.250000 0.000113 0.998830 0.000226 0.000272
2.260000 0.000098 0.998865 0.000196 0.000237
2.270000 0.000085 0.998899 0.000171 0.000206
2.280000 0.000074 0.998931 0.000148 0.000178
2.290000 0.000064 0.998963 0.000128 0.000155
2.300000 0.000056 0.998993 0.000111 0.000134
2.310000 0.000048 0.999023 0.000096 0.000116
2.320000 0.000042 0.999052 0.000083 0.000100
2.330000 0.000036 0.999080 0.000072 0.000086
2.340000 0.000031 0.999107 0.000062 0.000075
2.350000 0.000027 0.999133 0.000053 0.000064
2.360000 0.000023 0.999159 0.000046 0.000055
2.370000 0.000020 0.999184 0.000039 0.000047
2.380000 0.000017 0.999208 0.000034 0.000041
2.390000 0.000014 0.999231 0.000029 0.000035
2.400000 0.000012 0.999254 0.000025 0.000030
