t x
0.998000 -1.726088
0.988040 -1.708984
0.978080 -1.692057
0.968120 -1.675313
0.958160 -1.658759
0.948200 -1.642399
0.938240 -1.626239
0.928280 -1.610286
0.918320 -1.594545
0.908360 -1.579023
0.898400 -1.563726
0.888440 -1.548662
0.878480 -1.533836
0.868520 -1.519256
0.858560 -1.504929
0.848600 -1.490862
0.838640 -1.477061
0.828680 -1.463534
0.818720 -1.450289
0.808760 -1.437332
0.798800 -1.424671
0.788840 -1.412312
0.778880 -1.400263
0.768920 -1.388529
0.758960 -1.377117
0.749000 -1.366033
0.739040 -1.355282
0.729080 -1.344869
0.719120 -1.334796
0.709160 -1.325069
0.699200 -1.315688
0.689240 -1.306654
0.679280 -1.297968
0.669320 -1.289627
0.659360 -1.281628
0.649400 -1.273967
0.639440 -1.266637
0.629480 -1.259630
0.619520 -1.252936
0.609560 -1.246543
0.599600 -1.240438
0.589640 -1.234606
0.579680 -1.229030
0.569720 -1.223694
0.559760 -1.218578
0.549800 -1.213664
0.539840 -1.208931
0.529880 -1.204361
0.519920 -1.199933
0.509960 -1.195630
0.500000 -1.191432
0.490040 -1.187325
0.480080 -1.183291
0.470120 -1.179318
0.460160 -1.175394
0.450200 -1.171507
0.440240 -1.167649
0.430280 -1.163813
0.420320 -1.159992
0.410360 -1.156182
0.400400 -1.152380
0.390440 -1.148582
0.380480 -1.144788
0.370520 -1.140996
0.360560 -1.137205
0.350600 -1.133414
0.340640 -1.129624
0.330680 -1.125834
0.320720 -1.122043
0.310760 -1.118253
0.300800 -1.114463
0.290840 -1.110673
0.280880 -1.106883
0.270920 -1.103093
0.260960 -1.099303
0.251000 -1.095513
0.241040 -1.091723
0.231080 -1.087933
0.221120 -1.084143
0.211160 -1.080353
0.201200 -1.076563
0.191240 -1.072772
0.181280 -1.068982
0.171320 -1.065192
0.161360 -1.061402
0.151400 -1.057612
0.141440 -1.053822
0.131480 -1.050032
0.121520 -1.046242
0.111560 -1.042452
0.101600 -1.038662
0.091640 -1.034872
0.081680 -1.031082
0.071720 -1.027292
0.061760 -1.023502
0.051800 -1.019711
0.041840 -1.015921
0.031880 -1.012131
0.021920 -1.008341
0.011960 -1.004551
0.002000 -1.000761
nan nan
0.998000 -1.147356
0.988040 -1.135987
0.978080 -1.124735
0.968120 -1.113606
0.958160 -1.102602
0.948200 -1.091728
0.938240 -1.080988
0.928280 -1.070386
0.918320 -1.059927
0.908360 -1.049615
0.898400 -1.039456
0.888440 -1.029454
0.878480 -1.019615
0.868520 -1.009945
0.858560 -1.000450
0.848600 -0.991135
0.838640 -0.982008
0.828680 -0.973075
0.818720 -0.964343
0.808760 -0.955820
0.798800 -0.947513
0.788840 -0.939430
0.778880 -0.931581
0.768920 -0.923973
0.758960 -0.916616
0.749000 -0.909519
0.739040 -0.902693
0.729080 -0.896146
0.719120 -0.889890
0.709160 -0.883934
0.699200 -0.878291
0.689240 -0.872969
0.679280 -0.867981
0.669320 -0.863337
0.659360 -0.859047
0.649400 -0.855122
0.639440 -0.851569
0.629480 -0.848399
0.619520 -0.845619
0.609560 -0.843234
0.599600 -0.841248
0.589640 -0.839664
0.579680 -0.838482
0.569720 -0.837699
0.559760 -0.837310
0.549800 -0.837305
0.539840 -0.837673
0.529880 -0.838398
0.519920 -0.839462
0.509960 -0.840843
0.500000 -0.842518
0.490040 -0.844460
0.480080 -0.846640
0.470120 -0.849032
0.460160 -0.851607
0.450200 -0.854335
0.440240 -0.857193
0.430280 -0.860154
0.420320 -0.863197
0.410360 -0.866304
0.400400 -0.869458
0.390440 -0.872646
0.380480 -0.875857
0.370520 -0.879085
0.360560 -0.882323
0.350600 -0.885566
0.340640 -0.888814
0.330680 -0.892063
0.320720 -0.895314
0.310760 -0.898564
0.300800 -0.901815
0.290840 -0.905066
0.280880 -0.908317
0.270920 -0.911568
0.260960 -0.914819
0.251000 -0.918071
0.241040 -0.921322
0.231080 -0.924573
0.221120 -0.927824
0.211160 -0.931075
0.201200 -0.934326
0.191240 -0.937577
0.181280 -0.940828
0.171320 -0.944079
0.161360 -0.947330
0.151400 -0.950581
0.141440 -0.953832
0.131480 -0.957083
0.121520 -0.960334
0.111560 -0.963585
0.101600 -0.966837
0.091640 -0.970088
0.081680 -0.973339
0.071720 -0.976590
0.061760 -0.979841
0.051800 -0.983092
0.041840 -0.986343
0.031880 -0.989594
0.021920 -0.992845
0.011960 -0.996096
0.002000 -0.999347
nan nan
0.998000 -0.811874
0.988040 -0.803829
0.978080 -0.795868
0.968120 -0.787992
0.958160 -0.780206
0.948200 -0.772512
0.938240 -0.764913
0.928280 -0.757411
0.918320 -0.750011
0.908360 -0.742716
0.898400 -0.735530
0.888440 -0.728456
0.878480 -0.721499
0.868520 -0.714662
0.858560 -0.707951
0.848600 -0.701371
0.838640 -0.694926
0.828680 -0.688622
0.818720 -0.682464
0.808760 -0.676459
0.798800 -0.670614
0.788840 -0.664934
0.778880 -0.659428
0.768920 -0.654103
0.758960 -0.648968
0.749000 -0.644031
0.739040 -0.639301
0.729080 -0.634789
0.719120 -0.630504
0.709160 -0.626459
0.699200 -0.622665
0.689240 -0.619135
0.679280 -0.615881
0.669320 -0.612918
0.659360 -0.610260
0.649400 -0.607923
0.639440 -0.605923
0.629480 -0.604276
0.619520 -0.602999
0.609560 -0.602110
0.599600 -0.601626
0.589640 -0.601563
0.579680 -0.601940
0.569720 -0.602770
0.559760 -0.604068
0.549800 -0.605846
0.539840 -0.608113
0.529880 -0.610875
0.519920 -0.614133
0.509960 -0.617884
0.500000 -0.622119
0.490040 -0.626824
0.480080 -0.631977
0.470120 -0.637552
0.460160 -0.643517
0.450200 -0.649835
0.440240 -0.656467
0.430280 -0.663370
0.420320 -0.670502
0.410360 -0.677823
0.400400 -0.685294
0.390440 -0.692881
0.380480 -0.700555
0.370520 -0.708291
0.360560 -0.716070
0.350600 -0.723877
0.340640 -0.731702
0.330680 -0.739536
0.320720 -0.747376
0.310760 -0.755220
0.300800 -0.763064
0.290840 -0.770909
0.280880 -0.778754
0.270920 -0.786600
0.260960 -0.794445
0.251000 -0.802290
0.241040 -0.810136
0.231080 -0.817981
0.221120 -0.825827
0.211160 -0.833672
0.201200 -0.841517
0.191240 -0.849363
0.181280 -0.857208
0.171320 -0.865053
0.161360 -0.872899
0.151400 -0.880744
0.141440 -0.888589
0.131480 -0.896435
0.121520 -0.904280
0.111560 -0.912126
0.101600 -0.919971
0.091640 -0.927816
0.081680 -0.935662
0.071720 -0.943507
0.061760 -0.951352
0.051800 -0.959198
0.041840 -0.967043
0.031880 -0.974889
0.021920 -0.982734
0.011960 -0.990579
0.002000 -0.998425
nan nan
0.998000 -0.549440
0.988040 -0.543995
0.978080 -0.538607
0.968120 -0.533277
0.958160 -0.528008
0.948200 -0.522801
0.938240 -0.517658
0.928280 -0.512582
0.918320 -0.507574
0.908360 -0.502638
0.898400 -0.497776
0.888440 -0.492990
0.878480 -0.488283
0.868520 -0.483659
0.858560 -0.479120
0.848600 -0.474670
0.838640 -0.470314
0.828680 -0.466054
0.818720 -0.461894
0.808760 -0.457841
0.798800 -0.453897
0.788840 -0.450068
0.778880 -0.446360
0.768920 -0.442779
0.758960 -0.439331
0.749000 -0.436022
0.739040 -0.432861
0.729080 -0.429854
0.719120 -0.427011
0.709160 -0.424341
0.699200 -0.421853
0.689240 -0.419559
0.679280 -0.417470
0.669320 -0.415599
0.659360 -0.413960
0.649400 -0.412567
0.639440 -0.411437
0.629480 -0.410587
0.619520 -0.410037
0.609560 -0.409805
0.599600 -0.409915
0.589640 -0.410389
0.579680 -0.411253
0.569720 -0.412533
0.559760 -0.414257
0.549800 -0.416453
0.539840 -0.419152
0.529880 -0.422383
0.519920 -0.426175
0.509960 -0.430555
0.500000 -0.435548
0.490040 -0.441173
0.480080 -0.447446
0.470120 -0.454371
0.460160 -0.461946
0.450200 -0.470155
0.440240 -0.478974
0.430280 -0.488363
0.420320 -0.498275
0.410360 -0.508650
0.400400 -0.519425
0.390440 -0.530534
0.380480 -0.541910
0.370520 -0.553494
0.360560 -0.565231
0.350600 -0.577077
0.340640 -0.588995
0.330680 -0.600960
0.320720 -0.612951
0.310760 -0.624958
0.300800 -0.636973
0.290840 -0.648991
0.280880 -0.661011
0.270920 -0.673031
0.260960 -0.685052
0.251000 -0.697072
0.241040 -0.709093
0.231080 -0.721113
0.221120 -0.733134
0.211160 -0.745155
0.201200 -0.757175
0.191240 -0.769196
0.181280 -0.781216
0.171320 -0.793237
0.161360 -0.805257
0.151400 -0.817278
0.141440 -0.829298
0.131480 -0.841319
0.121520 -0.853340
0.111560 -0.865360
0.101600 -0.877381
0.091640 -0.889401
0.081680 -0.901422
0.071720 -0.913442
0.061760 -0.925463
0.051800 -0.937483
0.041840 -0.949504
0.031880 -0.961525
0.021920 -0.973545
0.011960 -0.985566
0.002000 -0.997586
nan nan
0.998000 -0.318767
0.988040 -0.315608
0.978080 -0.312482
0.968120 -0.309390
0.958160 -0.306333
0.948200 -0.303312
0.938240 -0.300328
0.928280 -0.297383
0.918320 -0.294478
0.908360 -0.291615
0.898400 -0.288794
0.888440 -0.286017
0.878480 -0.283287
0.868520 -0.280605
0.858560 -0.277973
0.848600 -0.275393
0.838640 -0.272867
0.828680 -0.270397
0.818720 -0.267987
0.808760 -0.265638
0.798800 -0.263354
0.788840 -0.261138
0.778880 -0.258993
0.768920 -0.256923
0.758960 -0.254931
0.749000 -0.253023
0.739040 -0.251201
0.729080 -0.249473
0.719120 -0.247843
0.709160 -0.246316
0.699200 -0.244900
0.689240 -0.243602
0.679280 -0.242430
0.669320 -0.241391
0.659360 -0.240496
0.649400 -0.239756
0.639440 -0.239180
0.629480 -0.238784
0.619520 -0.238580
0.609560 -0.238584
0.599600 -0.238815
0.589640 -0.239291
0.579680 -0.240034
0.569720 -0.241069
0.559760 -0.242423
0.549800 -0.244126
0.539840 -0.246212
0.529880 -0.248718
0.519920 -0.251685
0.509960 -0.255160
0.500000 -0.259192
0.490040 -0.263834
0.480080 -0.269144
0.470120 -0.275181
0.460160 -0.282003
0.450200 -0.289669
0.440240 -0.298228
0.430280 -0.307721
0.420320 -0.318170
0.410360 -0.329578
0.400400 -0.341919
0.390440 -0.355139
0.380480 -0.369156
0.370520 -0.383866
0.360560 -0.399149
0.350600 -0.414885
0.340640 -0.430957
0.330680 -0.447265
0.320720 -0.463727
0.310760 -0.480285
0.300800 -0.496896
0.290840 -0.513534
0.280880 -0.530186
0.270920 -0.546843
0.260960 -0.563502
0.251000 -0.580161
0.241040 -0.596821
0.231080 -0.613481
0.221120 -0.630140
0.211160 -0.646800
0.201200 -0.663460
0.191240 -0.680120
0.181280 -0.696779
0.171320 -0.713439
0.161360 -0.730099
0.151400 -0.746759
0.141440 -0.763418
0.131480 -0.780078
0.121520 -0.796738
0.111560 -0.813398
0.101600 -0.830057
0.091640 -0.846717
0.081680 -0.863377
0.071720 -0.880037
0.061760 -0.896696
0.051800 -0.913356
0.041840 -0.930016
0.031880 -0.946675
0.021920 -0.963335
0.011960 -0.979995
0.002000 -0.996655
nan nan
0.998000 -0.103771
0.988040 -0.102743
0.978080 -0.101725
0.968120 -0.100719
0.958160 -0.099724
0.948200 -0.098740
0.938240 -0.097769
0.928280 -0.096810
0.918320 -0.095864
0.908360 -0.094932
0.898400 -0.094014
0.888440 -0.093110
0.878480 -0.092222
0.868520 -0.091349
0.858560 -0.090492
0.848600 -0.089652
0.838640 -0.088830
0.828680 -0.088026
0.818720 -0.087242
0.808760 -0.086478
0.798800 -0.085735
0.788840 -0.085014
0.778880 -0.084317
0.768920 -0.083644
0.758960 -0.082997
0.749000 -0.082377
0.739040 -0.081787
0.729080 -0.081226
0.719120 -0.080698
0.709160 -0.080205
0.699200 -0.079748
0.689240 -0.079331
0.679280 -0.078955
0.669320 -0.078624
0.659360 -0.078341
0.649400 -0.078111
0.639440 -0.077936
0.629480 -0.077822
0.619520 -0.077774
0.609560 -0.077798
0.599600 -0.077899
0.589640 -0.078087
0.579680 -0.078369
0.569720 -0.078755
0.559760 -0.079257
0.549800 -0.079886
0.539840 -0.080658
0.529880 -0.081590
0.519920 -0.082702
0.509960 -0.084017
0.500000 -0.085563
0.490040 -0.087372
0.480080 -0.089482
0.470120 -0.091940
0.460160 -0.094798
0.450200 -0.098123
0.440240 -0.101992
0.430280 -0.106498
0.420320 -0.111753
0.410360 -0.117888
0.400400 -0.125057
0.390440 -0.133437
0.380480 -0.143218
0.370520 -0.154597
0.360560 -0.167752
0.350600 -0.182806
0.340640 -0.199789
0.330680 -0.218599
0.320720 -0.239003
0.310760 -0.260673
0.300800 -0.283246
0.290840 -0.306399
0.280880 -0.329884
0.270920 -0.353537
0.260960 -0.377264
0.251000 -0.401020
0.241040 -0.424785
0.231080 -0.448553
0.221120 -0.472322
0.211160 -0.496090
0.201200 -0.519858
0.191240 -0.543627
0.181280 -0.567395
0.171320 -0.591164
0.161360 -0.614932
0.151400 -0.638701
0.141440 -0.662469
0.131480 -0.686238
0.121520 -0.710006
0.111560 -0.733774
0.101600 -0.757543
0.091640 -0.781311
0.081680 -0.805080
0.071720 -0.828848
0.061760 -0.852617
0.051800 -0.876385
0.041840 -0.900153
0.031880 -0.923922
0.021920 -0.947690
0.011960 -0.971459
0.002000 -0.995227
nan nan
0.998000 0.104955
0.988040 0.103914
0.978080 0.102885
0.968120 0.101867
0.958160 0.100861
0.948200 0.099866
0.938240 0.098884
0.928280 0.097914
0.918320 0.096958
0.908360 0.096015
0.898400 0.095086
0.888440 0.094172
0.878480 0.093273
0.868520 0.092390
0.858560 0.091524
0.848600 0.090674
0.838640 0.089843
0.828680 0.089030
0.818720 0.088237
0.808760 0.087464
0.798800 0.086713
0.788840 0.085984
0.778880 0.085278
0.768920 0.084598
0.758960 0.083943
0.749000 0.083317
0.739040 0.082719
0.729080 0.082152
0.719120 0.081618
0.709160 0.081119
0.699200 0.080657
0.689240 0.080235
0.679280 0.079855
0.669320 0.079520
0.659360 0.079235
0.649400 0.079001
0.639440 0.078824
0.629480 0.078709
0.619520 0.078660
0.609560 0.078684
0.599600 0.078787
0.589640 0.078977
0.579680 0.079262
0.569720 0.079653
0.559760 0.080160
0.549800 0.080796
0.539840 0.081576
0.529880 0.082519
0.519920 0.083643
0.509960 0.084973
0.500000 0.086535
0.490040 0.088364
0.480080 0.090497
0.470120 0.092981
0.460160 0.095869
0.450200 0.099229
0.440240 0.103138
0.430280 0.107690
0.420320 0.112997
0.410360 0.119190
0.400400 0.126425
0.390440 0.134876
0.380480 0.144735
0.370520 0.156194
0.360560 0.169428
0.350600 0.184553
0.340640 0.201593
0.330680 0.220440
0.320720 0.240858
0.310760 0.262517
0.300800 0.285061
0.290840 0.308171
0.280880 0.331603
0.270920 0.355198
0.260960 0.378865
0.251000 0.402561
0.241040 0.426265
0.231080 0.449972
0.221120 0.473679
0.211160 0.497386
0.201200 0.521094
0.191240 0.544801
0.181280 0.568508
0.171320 0.592216
0.161360 0.615923
0.151400 0.639630
0.141440 0.663337
0.131480 0.687045
0.121520 0.710752
0.111560 0.734459
0.101600 0.758167
0.091640 0.781874
0.081680 0.805581
0.071720 0.829288
0.061760 0.852996
0.051800 0.876703
0.041840 0.900410
0.031880 0.924118
0.021920 0.947825
0.011960 0.971532
0.002000 0.995239
nan nan
0.998000 0.317489
0.988040 0.314342
0.978080 0.311229
0.968120 0.308149
0.958160 0.305105
0.948200 0.302096
0.938240 0.299124
0.928280 0.296191
0.918320 0.293298
0.908360 0.290445
0.898400 0.287636
0.888440 0.284871
0.878480 0.282152
0.868520 0.279480
0.858560 0.276859
0.848600 0.274289
0.838640 0.271773
0.828680 0.269313
0.818720 0.266913
0.808760 0.264573
0.798800 0.262298
0.788840 0.260091
0.778880 0.257955
0.768920 0.255893
0.758960 0.253909
0.749000 0.252008
0.739040 0.250195
0.729080 0.248473
0.719120 0.246849
0.709160 0.245329
0.699200 0.243919
0.689240 0.242626
0.679280 0.241459
0.669320 0.240425
0.659360 0.239534
0.649400 0.238796
0.639440 0.238223
0.629480 0.237829
0.619520 0.237626
0.609560 0.237631
0.599600 0.237861
0.589640 0.238336
0.579680 0.239078
0.569720 0.240110
0.559760 0.241460
0.549800 0.243158
0.539840 0.245238
0.529880 0.247737
0.519920 0.250696
0.509960 0.254162
0.500000 0.258183
0.490040 0.262814
0.480080 0.268111
0.470120 0.274135
0.460160 0.280944
0.450200 0.288596
0.440240 0.297143
0.430280 0.306624
0.420320 0.317065
0.410360 0.328467
0.400400 0.340806
0.390440 0.354028
0.380480 0.368052
0.370520 0.382773
0.360560 0.398074
0.350600 0.413830
0.340640 0.429925
0.330680 0.446259
0.320720 0.462750
0.310760 0.479336
0.300800 0.495977
0.290840 0.512646
0.280880 0.529328
0.270920 0.546015
0.260960 0.562704
0.251000 0.579394
0.241040 0.596085
0.231080 0.612775
0.221120 0.629465
0.211160 0.646155
0.201200 0.662845
0.191240 0.679535
0.181280 0.696226
0.171320 0.712916
0.161360 0.729606
0.151400 0.746296
0.141440 0.762986
0.131480 0.779676
0.121520 0.796367
0.111560 0.813057
0.101600 0.829747
0.091640 0.846437
0.081680 0.863127
0.071720 0.879817
0.061760 0.896508
0.051800 0.913198
0.041840 0.929888
0.031880 0.946578
0.021920 0.963268
0.011960 0.979958
0.002000 0.996649
nan nan
0.998000 0.546457
0.988040 0.541042
0.978080 0.535684
0.968120 0.530383
0.958160 0.525142
0.948200 0.519963
0.938240 0.514849
0.928280 0.509800
0.918320 0.504820
0.908360 0.499910
0.898400 0.495074
0.888440 0.490314
0.878480 0.485633
0.868520 0.481034
0.858560 0.476520
0.848600 0.472094
0.838640 0.467761
0.828680 0.463524
0.818720 0.459388
0.808760 0.455356
0.798800 0.451434
0.788840 0.447626
0.778880 0.443939
0.768920 0.440377
0.758960 0.436948
0.749000 0.433657
0.739040 0.430513
0.729080 0.427523
0.719120 0.424696
0.709160 0.422041
0.699200 0.419568
0.689240 0.417287
0.679280 0.415211
0.669320 0.413351
0.659360 0.411722
0.649400 0.410339
0.639440 0.409217
0.629480 0.408375
0.619520 0.407830
0.609560 0.407603
0.599600 0.407717
0.589640 0.408194
0.579680 0.409059
0.569720 0.410340
0.559760 0.412063
0.549800 0.414258
0.539840 0.416956
0.529880 0.420184
0.519920 0.423974
0.509960 0.428352
0.500000 0.433343
0.490040 0.438969
0.480080 0.445243
0.470120 0.452172
0.460160 0.459754
0.450200 0.467975
0.440240 0.476809
0.430280 0.486218
0.420320 0.496153
0.410360 0.506558
0.400400 0.517367
0.390440 0.528513
0.380480 0.539932
0.370520 0.551560
0.360560 0.563345
0.350600 0.575239
0.340640 0.587208
0.330680 0.599223
0.320720 0.611267
0.310760 0.623326
0.300800 0.635393
0.290840 0.647463
0.280880 0.659535
0.270920 0.671608
0.260960 0.683681
0.251000 0.695754
0.241040 0.707826
0.231080 0.719899
0.221120 0.731972
0.211160 0.744045
0.201200 0.756118
0.191240 0.768191
0.181280 0.780264
0.171320 0.792337
0.161360 0.804410
0.151400 0.816482
0.141440 0.828555
0.131480 0.840628
0.121520 0.852701
0.111560 0.864774
0.101600 0.876847
0.091640 0.888920
0.081680 0.900993
0.071720 0.913066
0.061760 0.925138
0.051800 0.937211
0.041840 0.949284
0.031880 0.961357
0.021920 0.973430
0.011960 0.985503
0.002000 0.997576
nan nan
0.998000 0.810482
0.988040 0.802451
0.978080 0.794503
0.968120 0.786641
0.958160 0.778868
0.948200 0.771187
0.938240 0.763601
0.928280 0.756112
0.918320 0.748725
0.908360 0.741443
0.898400 0.734269
0.888440 0.727207
0.878480 0.720262
0.868520 0.713437
0.858560 0.706738
0.848600 0.700168
0.838640 0.693734
0.828680 0.687441
0.818720 0.681294
0.808760 0.675300
0.798800 0.669464
0.788840 0.663795
0.778880 0.658298
0.768920 0.652983
0.758960 0.647856
0.749000 0.642928
0.739040 0.638207
0.729080 0.633703
0.719120 0.629426
0.709160 0.625389
0.699200 0.621602
0.689240 0.618078
0.679280 0.614831
0.669320 0.611874
0.659360 0.609222
0.649400 0.606891
0.639440 0.604896
0.629480 0.603254
0.619520 0.601982
0.609560 0.601098
0.599600 0.600618
0.589640 0.600560
0.579680 0.600941
0.569720 0.601775
0.559760 0.603078
0.549800 0.604861
0.539840 0.607133
0.529880 0.609900
0.519920 0.613165
0.509960 0.616923
0.500000 0.621166
0.490040 0.625879
0.480080 0.631042
0.470120 0.636628
0.460160 0.642605
0.450200 0.648937
0.440240 0.655583
0.430280 0.662501
0.420320 0.669650
0.410360 0.676988
0.400400 0.684477
0.390440 0.692083
0.380480 0.699777
0.370520 0.707533
0.360560 0.715331
0.350600 0.723159
0.340640 0.731003
0.330680 0.738858
0.320720 0.746719
0.310760 0.754582
0.300800 0.762447
0.290840 0.770313
0.280880 0.778178
0.270920 0.786044
0.260960 0.793910
0.251000 0.801776
0.241040 0.809642
0.231080 0.817507
0.221120 0.825373
0.211160 0.833239
0.201200 0.841105
0.191240 0.848971
0.181280 0.856836
0.171320 0.864702
0.161360 0.872568
0.151400 0.880434
0.141440 0.888299
0.131480 0.896165
0.121520 0.904031
0.111560 0.911897
0.101600 0.919763
0.091640 0.927628
0.081680 0.935494
0.071720 0.943360
0.061760 0.951226
0.051800 0.959092
0.041840 0.966957
0.031880 0.974823
0.021920 0.982689
0.011960 0.990555
0.002000 0.998421
nan nan
0.998000 1.148264
0.988040 1.136885
0.978080 1.125625
0.968120 1.114487
0.958160 1.103474
0.948200 1.092592
0.938240 1.081843
0.928280 1.071233
0.918320 1.060765
0.908360 1.050445
0.898400 1.040278
0.888440 1.030268
0.878480 1.020422
0.868520 1.010744
0.858560 1.001241
0.848600 0.991919
0.838640 0.982784
0.828680 0.973844
0.818720 0.965105
0.808760 0.956575
0.798800 0.948262
0.788840 0.940173
0.778880 0.932317
0.768920 0.924703
0.758960 0.917340
0.749000 0.910237
0.739040 0.903404
0.729080 0.896852
0.719120 0.890590
0.709160 0.884629
0.699200 0.878980
0.689240 0.873654
0.679280 0.868661
0.669320 0.864011
0.659360 0.859717
0.649400 0.855786
0.639440 0.852229
0.629480 0.849054
0.619520 0.846269
0.609560 0.843878
0.599600 0.841888
0.589640 0.840299
0.579680 0.839111
0.569720 0.838323
0.559760 0.837927
0.549800 0.837916
0.539840 0.838277
0.529880 0.838996
0.519920 0.840052
0.509960 0.841426
0.500000 0.843092
0.490040 0.845025
0.480080 0.847197
0.470120 0.849579
0.460160 0.852143
0.450200 0.854862
0.440240 0.857708
0.430280 0.860659
0.420320 0.863691
0.410360 0.866787
0.400400 0.869929
0.390440 0.873105
0.380480 0.876306
0.370520 0.879521
0.360560 0.882747
0.350600 0.885980
0.340640 0.889215
0.330680 0.892453
0.320720 0.895691
0.310760 0.898930
0.300800 0.902170
0.290840 0.905409
0.280880 0.908648
0.270920 0.911888
0.260960 0.915127
0.251000 0.918366
0.241040 0.921606
0.231080 0.924845
0.221120 0.928084
0.211160 0.931324
0.201200 0.934563
0.191240 0.937802
0.181280 0.941042
0.171320 0.944281
0.161360 0.947520
0.151400 0.950760
0.141440 0.953999
0.131480 0.957238
0.121520 0.960478
0.111560 0.963717
0.101600 0.966956
0.091640 0.970196
0.081680 0.973435
0.071720 0.976674
0.061760 0.979914
0.051800 0.983153
0.041840 0.986392
0.031880 0.989632
0.021920 0.992871
0.011960 0.996110
0.002000 0.999350
nan nan
0.998000 1.735788
0.988040 1.718587
0.978080 1.701565
0.968120 1.684728
0.958160 1.668080
0.948200 1.651628
0.938240 1.635377
0.928280 1.619334
0.918320 1.603505
0.908360 1.587895
0.898400 1.572513
0.888440 1.557363
0.878480 1.542454
0.868520 1.527791
0.858560 1.513383
0.848600 1.499235
0.838640 1.485356
0.828680 1.471751
0.818720 1.458429
0.808760 1.445397
0.798800 1.432662
0.788840 1.420229
0.778880 1.408108
0.768920 1.396302
0.758960 1.384820
0.749000 1.373666
0.739040 1.362845
0.729080 1.352363
0.719120 1.342222
0.709160 1.332426
0.699200 1.322977
0.689240 1.313874
0.679280 1.305119
0.669320 1.296708
0.659360 1.288638
0.649400 1.280905
0.639440 1.273502
0.629480 1.266419
0.619520 1.259648
0.609560 1.253177
0.599600 1.246991
0.589640 1.241076
0.579680 1.235415
0.569720 1.229991
0.559760 1.224784
0.549800 1.219777
0.539840 1.214949
0.529880 1.210281
0.519920 1.205754
0.509960 1.201349
0.500000 1.197048
0.490040 1.192835
0.480080 1.188695
0.470120 1.184614
0.460160 1.180581
0.450200 1.176584
0.440240 1.172615
0.430280 1.168668
0.420320 1.164736
0.410360 1.160814
0.400400 1.156900
0.390440 1.152990
0.380480 1.149084
0.370520 1.145179
0.360560 1.141275
0.350600 1.137372
0.340640 1.133469
0.330680 1.129567
0.320720 1.125664
0.310760 1.121762
0.300800 1.117859
0.290840 1.113957
0.280880 1.110054
0.270920 1.106152
0.260960 1.102249
0.251000 1.098347
0.241040 1.094444
0.231080 1.090542
0.221120 1.086639
0.211160 1.082737
0.201200 1.078834
0.191240 1.074931
0.181280 1.071029
0.171320 1.067126
0.161360 1.063224
0.151400 1.059321
0.141440 1.055419
0.131480 1.051516
0.121520 1.047614
0.111560 1.043711
0.101600 1.039809
0.091640 1.035906
0.081680 1.032004
0.071720 1.028101
0.061760 1.024199
0.051800 1.020296
0.041840 1.016394
0.031880 1.012491
0.021920 1.008589
0.011960 1.004686
0.002000 1.000784
