t x
0.000000 1.000000
0.005000 1.054342
0.010000 1.088289
0.015000 1.120309
0.020000 1.151444
0.025000 1.181992
0.030000 1.212066
0.035000 1.241716
0.040000 1.270966
0.045000 1.299825
0.050000 1.328295
0.055000 1.356377
0.060000 1.384067
0.065000 1.411360
0.070000 1.438251
0.075000 1.464734
0.080000 1.490803
0.085000 1.516453
0.090000 1.541678
0.095000 1.566471
0.100000 1.590827
0.105000 1.614741
0.110000 1.638208
0.115000 1.661223
0.120000 1.683782
0.125000 1.705880
0.130000 1.727514
0.135000 1.748680
0.140000 1.769376
0.145000 1.789598
0.150000 1.809345
0.155000 1.828614
0.160000 1.847403
0.165000 1.865712
0.170000 1.883540
0.175000 1.900885
0.180000 1.917749
0.185000 1.934130
0.190000 1.950030
0.195000 1.965450
0.200000 1.980391
0.205000 1.994854
0.210000 2.008842
0.215000 2.022357
0.220000 2.035401
0.225000 2.047978
0.230000 2.060091
0.235000 2.071743
0.240000 2.082938
0.245000 2.093681
0.250000 2.103976
0.255000 2.113828
0.260000 2.123242
0.265000 2.132223
0.270000 2.140777
0.275000 2.148909
0.280000 2.156626
0.285000 2.163934
0.290000 2.170840
0.295000 2.177349
0.300000 2.183470
0.305000 2.189209
0.310000 2.194572
0.315000 2.199569
0.320000 2.204206
0.325000 2.208490
0.330000 2.212431
0.335000 2.216035
0.340000 2.219310
0.345000 2.222266
0.350000 2.224910
0.355000 2.227249
0.360000 2.229294
0.365000 2.231052
0.370000 2.232531
0.375000 2.233740
0.380000 2.234688
0.385000 2.235382
0.390000 2.235832
0.395000 2.236046
0.400000 2.236033
0.405000 2.235800
0.410000 2.235357
0.415000 2.234712
0.420000 2.233872
0.425000 2.232846
0.430000 2.231643
0.435000 2.230271
0.440000 2.228737
0.445000 2.227049
0.450000 2.225216
0.455000 2.223244
0.460000 2.221142
0.465000 2.218917
0.470000 2.216575
0.475000 2.214126
0.480000 2.211575
0.485000 2.208929
0.490000 2.206196
0.495000 2.203381
0.500000 2.200491
0.505000 2.197533
0.510000 2.194513
0.515000 2.191437
0.520000 2.188310
0.525000 2.185138
0.530000 2.181927
0.535000 2.178681
0.540000 2.175407
0.545000 2.172109
0.550000 2.168791
0.555000 2.165459
0.560000 2.162117
0.565000 2.158769
0.570000 2.155419
0.575000 2.152072
0.580000 2.148730
0.585000 2.145397
0.590000 2.142078
0.595000 2.138774
0.600000 2.135490
0.605000 2.132228
0.610000 2.128990
0.615000 2.125780
0.620000 2.122600
0.625000 2.119452
0.630000 2.116338
0.635000 2.113261
0.640000 2.110222
0.645000 2.107222
0.650000 2.104264
0.655000 2.101349
0.660000 2.098478
0.665000 2.095653
0.670000 2.092874
0.675000 2.090143
0.680000 2.087460
0.685000 2.084826
0.690000 2.082242
0.695000 2.079708
0.700000 2.077225
0.705000 2.074792
0.710000 2.072412
0.715000 2.070082
0.720000 2.067805
0.725000 2.065579
0.730000 2.063404
0.735000 2.061281
0.740000 2.059210
0.745000 2.057189
0.750000 2.055219
0.755000 2.053300
0.760000 2.051430
0.765000 2.049610
0.770000 2.047839
0.775000 2.046117
0.780000 2.044443
0.785000 2.042816
0.790000 2.041235
0.795000 2.039700
0.800000 2.038211
0.805000 2.036767
0.810000 2.035366
0.815000 2.034008
0.820000 2.032692
0.825000 2.031418
0.830000 2.030184
0.835000 2.028990
0.840000 2.027836
0.845000 2.026719
0.850000 2.025639
0.855000 2.024596
0.860000 2.023589
0.865000 2.022616
0.870000 2.021677
0.875000 2.020771
0.880000 2.019897
0.885000 2.019055
0.890000 2.018243
0.895000 2.017461
0.900000 2.016708
0.905000 2.015982
0.910000 2.015284
0.915000 2.014612
0.920000 2.013966
0.925000 2.013345
0.930000 2.012748
0.935000 2.012174
0.940000 2.011623
0.945000 2.011094
0.950000 2.010586
0.955000 2.010099
0.960000 2.009631
0.965000 2.009183
0.970000 2.008753
0.975000 2.008341
0.980000 2.007946
0.985000 2.007568
0.990000 2.007206
0.995000 2.006860
1.000000 2.006528
0.995500 -1.993079
0.990500 -1.992725
0.985500 -1.992353
0.980500 -1.991965
0.975500 -1.991559
0.970500 -1.991134
0.965500 -1.990691
0.960500 -1.990227
0.955500 -1.989743
0.950500 -1.989237
0.945500 -1.988708
0.940500 -1.988156
0.935500 -1.987581
0.930500 -1.986980
0.925500 -1.986353
0.920500 -1.985699
0.915500 -1.985017
0.910500 -1.984307
0.905500 -1.983566
0.900500 -1.982794
0.895500 -1.981989
0.890500 -1.981151
0.885500 -1.980279
0.880500 -1.979370
0.875500 -1.978425
0.870500 -1.977440
0.865500 -1.976416
0.860500 -1.975351
0.855500 -1.974243
0.850500 -1.973091
0.845500 -1.971894
0.840500 -1.970649
0.835500 -1.969355
0.830500 -1.968011
0.825500 -1.966615
0.820500 -1.965165
0.815500 -1.963660
0.810500 -1.962097
0.805500 -1.960475
0.800500 -1.958792
0.795500 -1.957046
0.790500 -1.955234
0.785500 -1.953355
0.780500 -1.951407
0.775500 -1.949388
0.770500 -1.947295
0.765500 -1.945125
0.760500 -1.942878
0.755500 -1.940549
0.750500 -1.938138
0.745500 -1.935641
0.740500 -1.933055
0.735500 -1.930379
0.730500 -1.927609
0.725500 -1.924742
0.720500 -1.921777
0.715500 -1.918709
0.710500 -1.915537
0.705500 -1.912256
0.700500 -1.908865
0.695500 -1.905359
0.690500 -1.901736
0.685500 -1.897992
0.680500 -1.894124
0.675500 -1.890129
0.670500 -1.886003
0.665500 -1.881742
0.660500 -1.877344
0.655500 -1.872804
0.650500 -1.868119
0.645500 -1.863284
0.640500 -1.858297
0.635500 -1.853152
0.630500 -1.847847
0.625500 -1.842377
0.620500 -1.836738
0.615500 -1.830926
0.610500 -1.824937
0.605500 -1.818765
0.600500 -1.812408
0.595500 -1.805861
0.590500 -1.799119
0.585500 -1.792178
0.580500 -1.785034
0.575500 -1.777681
0.570500 -1.770115
0.565500 -1.762333
0.560500 -1.754328
0.555500 -1.746096
0.550500 -1.737634
0.545500 -1.728935
0.540500 -1.719995
0.535500 -1.710810
0.530500 -1.701375
0.525500 -1.691685
0.520500 -1.681735
0.515500 -1.671521
0.510500 -1.661037
0.505500 -1.650280
0.500500 -1.639245
0.495500 -1.627926
0.490500 -1.616320
0.485500 -1.604421
0.480500 -1.592226
0.475500 -1.579730
0.470500 -1.566928
0.465500 -1.553816
0.460500 -1.540391
0.455500 -1.526647
0.450500 -1.512582
0.445500 -1.498190
0.440500 -1.483468
0.435500 -1.468413
0.430500 -1.453021
0.425500 -1.437288
0.420500 -1.421212
0.415500 -1.404788
0.410500 -1.388015
0.405500 -1.370889
0.400500 -1.353407
0.395500 -1.335567
0.390500 -1.317367
0.385500 -1.298805
0.380500 -1.279879
0.375500 -1.260586
0.370500 -1.240927
0.365500 -1.220898
0.360500 -1.200501
0.355500 -1.179732
0.350500 -1.158593
0.345500 -1.137083
0.340500 -1.115201
0.335500 -1.092949
0.330500 -1.070326
0.325500 -1.047333
0.320500 -1.023972
0.315500 -1.000243
0.310500 -0.976149
0.305500 -0.951691
0.300500 -0.926872
0.295500 -0.901693
0.290500 -0.876159
0.285500 -0.850271
0.280500 -0.824034
0.275500 -0.797452
0.270500 -0.770527
0.265500 -0.743265
0.260500 -0.715671
0.255500 -0.687748
0.250500 -0.659504
0.245500 -0.630943
0.240500 -0.602071
0.235500 -0.572894
0.230500 -0.543420
0.225500 -0.513655
0.220500 -0.483606
0.215500 -0.453280
0.210500 -0.422686
0.205500 -0.391831
0.200500 -0.360725
0.195500 -0.329375
0.190500 -0.297790
0.185500 -0.265980
0.180500 -0.233954
0.175500 -0.201721
0.170500 -0.169293
0.165500 -0.136679
0.160500 -0.103889
0.155500 -0.070934
0.150500 -0.037825
0.145500 -0.004573
0.140500 0.028810
0.135500 0.062314
0.130500 0.095926
0.125500 0.129635
0.120500 0.163430
0.115500 0.197297
0.110500 0.231225
0.105500 0.265201
0.100500 0.299214
0.095500 0.333251
0.090500 0.367300
0.085500 0.401348
0.080500 0.435384
0.075500 0.469395
0.070500 0.503369
0.065500 0.537296
0.060500 0.571164
0.055500 0.604963
0.050500 0.638684
0.045500 0.672319
0.040500 0.705864
0.035500 0.739316
0.030500 0.772682
0.025500 0.805980
0.020500 0.839255
0.015500 0.872609
0.010500 0.906306
0.005500 0.941244
0.000500 0.985484
