t x
0.000000 -1.000000
0.005000 -0.944909
0.010000 -0.909717
0.015000 -0.875956
0.020000 -0.842584
0.025000 -0.809308
0.030000 -0.776014
0.035000 -0.742656
0.040000 -0.709213
0.045000 -0.675678
0.050000 -0.642052
0.055000 -0.608339
0.060000 -0.574547
0.065000 -0.540686
0.070000 -0.506764
0.075000 -0.472794
0.080000 -0.438786
0.085000 -0.404752
0.090000 -0.370705
0.095000 -0.336655
0.100000 -0.302617
0.105000 -0.268601
0.110000 -0.234620
0.115000 -0.200687
0.120000 -0.166813
0.125000 -0.133011
0.130000 -0.099293
0.135000 -0.065671
0.140000 -0.032155
0.145000 0.001241
0.150000 0.034506
0.155000 0.067630
0.160000 0.100601
0.165000 0.133407
0.170000 0.166040
0.175000 0.198487
0.180000 0.230740
0.185000 0.262787
0.190000 0.294619
0.195000 0.326226
0.200000 0.357601
0.205000 0.388732
0.210000 0.419612
0.215000 0.450233
0.220000 0.480585
0.225000 0.510663
0.230000 0.540457
0.235000 0.569960
0.240000 0.599167
0.245000 0.628069
0.250000 0.656662
0.255000 0.684938
0.260000 0.712893
0.265000 0.740521
0.270000 0.767816
0.275000 0.794774
0.280000 0.821392
0.285000 0.847663
0.290000 0.873586
0.295000 0.899156
0.300000 0.924370
0.305000 0.949225
0.310000 0.973719
0.315000 0.997850
0.320000 1.021615
0.325000 1.045013
0.330000 1.068043
0.335000 1.090703
0.340000 1.112993
0.345000 1.134911
0.350000 1.156459
0.355000 1.177635
0.360000 1.198440
0.365000 1.218875
0.370000 1.238941
0.375000 1.258637
0.380000 1.277966
0.385000 1.296929
0.390000 1.315527
0.395000 1.333763
0.400000 1.351639
0.405000 1.369157
0.410000 1.386318
0.415000 1.403127
0.420000 1.419585
0.425000 1.435696
0.430000 1.451463
0.435000 1.466889
0.440000 1.481978
0.445000 1.496733
0.450000 1.511157
0.455000 1.525255
0.460000 1.539031
0.465000 1.552488
0.470000 1.565631
0.475000 1.578463
0.480000 1.590990
0.485000 1.603215
0.490000 1.615143
0.495000 1.626778
0.500000 1.638126
0.505000 1.649189
0.510000 1.659974
0.515000 1.670485
0.520000 1.680726
0.525000 1.690702
0.530000 1.700418
0.535000 1.709878
0.540000 1.719088
0.545000 1.728052
0.550000 1.736774
0.555000 1.745261
0.560000 1.753515
0.565000 1.761542
0.570000 1.769347
0.575000 1.776934
0.580000 1.784308
0.585000 1.791473
0.590000 1.798434
0.595000 1.805196
0.600000 1.811762
0.605000 1.818138
0.610000 1.824328
0.615000 1.830335
0.620000 1.836165
0.625000 1.841821
0.630000 1.847308
0.635000 1.852629
0.640000 1.857789
0.645000 1.862792
0.650000 1.867642
0.655000 1.872342
0.660000 1.876896
0.665000 1.881309
0.670000 1.885583
0.675000 1.889722
0.680000 1.893730
0.685000 1.897611
0.690000 1.901367
0.695000 1.905002
0.700000 1.908519
0.705000 1.911922
0.710000 1.915214
0.715000 1.918397
0.720000 1.921475
0.725000 1.924450
0.730000 1.927327
0.735000 1.930106
0.740000 1.932792
0.745000 1.935386
0.750000 1.937892
0.755000 1.940312
0.760000 1.942649
0.765000 1.944904
0.770000 1.947081
0.775000 1.949182
0.780000 1.951209
0.785000 1.953164
0.790000 1.955049
0.795000 1.956867
0.800000 1.958620
0.805000 1.960310
0.810000 1.961938
0.815000 1.963506
0.820000 1.965017
0.825000 1.966473
0.830000 1.967874
0.835000 1.969223
0.840000 1.970522
0.845000 1.971771
0.850000 1.972974
0.855000 1.974130
0.860000 1.975242
0.865000 1.976312
0.870000 1.977340
0.875000 1.978328
0.880000 1.979277
0.885000 1.980190
0.890000 1.981066
0.895000 1.981907
0.900000 1.982715
0.905000 1.983490
0.910000 1.984234
0.915000 1.984948
0.920000 1.985632
0.925000 1.986289
0.930000 1.986918
0.935000 1.987522
0.940000 1.988100
0.945000 1.988654
0.950000 1.989185
0.955000 1.989693
0.960000 1.990179
0.965000 1.990645
0.970000 1.991091
0.975000 1.991517
0.980000 1.991925
0.985000 1.992315
0.990000 1.992688
0.995000 1.993045
1.000000 1.993385
0.995500 -2.006826
0.990500 -2.007171
0.985500 -2.007531
0.980500 -2.007908
0.975500 -2.008301
0.970500 -2.008711
0.965500 -2.009139
0.960500 -2.009586
0.955500 -2.010051
0.950500 -2.010537
0.945500 -2.011042
0.940500 -2.011569
0.935500 -2.012118
0.930500 -2.012690
0.925500 -2.013284
0.920500 -2.013903
0.915500 -2.014547
0.910500 -2.015216
0.905500 -2.015911
0.900500 -2.016634
0.895500 -2.017384
0.890500 -2.018164
0.885500 -2.018973
0.880500 -2.019812
0.875500 -2.020682
0.870500 -2.021585
0.865500 -2.022521
0.860500 -2.023490
0.855500 -2.024494
0.850500 -2.025533
0.845500 -2.026609
0.840500 -2.027722
0.835500 -2.028873
0.830500 -2.030063
0.825500 -2.031293
0.820500 -2.032563
0.815500 -2.033874
0.810500 -2.035228
0.805500 -2.036624
0.800500 -2.038065
0.795500 -2.039550
0.790500 -2.041080
0.785500 -2.042655
0.780500 -2.044278
0.775500 -2.045948
0.770500 -2.047665
0.765500 -2.049431
0.760500 -2.051246
0.755500 -2.053111
0.750500 -2.055025
0.745500 -2.056990
0.740500 -2.059005
0.735500 -2.061072
0.730500 -2.063190
0.725500 -2.065359
0.720500 -2.067580
0.715500 -2.069852
0.710500 -2.072176
0.705500 -2.074552
0.700500 -2.076979
0.695500 -2.079457
0.690500 -2.081986
0.685500 -2.084565
0.680500 -2.087194
0.675500 -2.089872
0.670500 -2.092599
0.665500 -2.095373
0.660500 -2.098194
0.655500 -2.101060
0.650500 -2.103971
0.645500 -2.106925
0.640500 -2.109920
0.635500 -2.112955
0.630500 -2.116029
0.625500 -2.119139
0.620500 -2.122284
0.615500 -2.125461
0.610500 -2.128668
0.605500 -2.131903
0.600500 -2.135163
0.595500 -2.138445
0.590500 -2.141747
0.585500 -2.145065
0.580500 -2.148396
0.575500 -2.151737
0.570500 -2.155085
0.565500 -2.158434
0.560500 -2.161783
0.555500 -2.165126
0.550500 -2.168459
0.545500 -2.171778
0.540500 -2.175078
0.535500 -2.178355
0.530500 -2.181604
0.525500 -2.184818
0.520500 -2.187994
0.515500 -2.191126
0.510500 -2.194208
0.505500 -2.197234
0.500500 -2.200198
0.495500 -2.203095
0.490500 -2.205918
0.485500 -2.208660
0.480500 -2.211314
0.475500 -2.213875
0.470500 -2.216335
0.465500 -2.218688
0.460500 -2.220925
0.455500 -2.223040
0.450500 -2.225025
0.445500 -2.226872
0.440500 -2.228575
0.435500 -2.230125
0.430500 -2.231514
0.425500 -2.232734
0.420500 -2.233778
0.415500 -2.234636
0.410500 -2.235301
0.405500 -2.235765
0.400500 -2.236019
0.395500 -2.236055
0.390500 -2.235864
0.385500 -2.235438
0.380500 -2.234768
0.375500 -2.233846
0.370500 -2.232664
0.365500 -2.231212
0.360500 -2.229483
0.355500 -2.227467
0.350500 -2.225157
0.345500 -2.222544
0.340500 -2.219620
0.335500 -2.216377
0.330500 -2.212806
0.325500 -2.208900
0.320500 -2.204650
0.315500 -2.200049
0.310500 -2.195088
0.305500 -2.189762
0.300500 -2.184061
0.295500 -2.177979
0.290500 -2.171509
0.285500 -2.164643
0.280500 -2.157376
0.275500 -2.149700
0.270500 -2.141609
0.265500 -2.133098
0.260500 -2.124160
0.255500 -2.114789
0.250500 -2.104981
0.245500 -2.094731
0.240500 -2.084033
0.235500 -2.072883
0.230500 -2.061277
0.225500 -2.049210
0.220500 -2.036680
0.215500 -2.023683
0.210500 -2.010215
0.205500 -1.996274
0.200500 -1.981859
0.195500 -1.966966
0.190500 -1.951594
0.185500 -1.935742
0.180500 -1.919408
0.175500 -1.902593
0.170500 -1.885296
0.165500 -1.867517
0.160500 -1.849256
0.155500 -1.830514
0.150500 -1.811293
0.145500 -1.791595
0.140500 -1.771420
0.135500 -1.750771
0.130500 -1.729652
0.125500 -1.708064
0.120500 -1.686012
0.115500 -1.663499
0.110500 -1.640530
0.105500 -1.617108
0.100500 -1.593238
0.095500 -1.568926
0.090500 -1.544176
0.085500 -1.518995
0.080500 -1.493387
0.075500 -1.467360
0.070500 -1.440917
0.065500 -1.414067
0.060500 -1.386814
0.055500 -1.359164
0.050500 -1.331121
0.045500 -1.302689
0.040500 -1.273869
0.035500 -1.244659
0.030500 -1.215050
0.025500 -1.185020
0.020500 -1.154523
0.015500 -1.123455
0.010500 -1.091549
0.005500 -1.057906
0.000500 -1.014463
