t x
0.000000 1.035877
0.002500 1.039148
0.005000 1.033834
0.007500 1.033368
0.010000 1.082010
0.012500 1.083784
0.015000 1.109067
0.017500 1.099239
0.020000 1.091518
0.022500 1.093095
0.025000 1.061453
0.027500 1.077267
0.030000 1.029391
0.032500 1.035316
0.035000 1.014039
0.037500 1.004932
0.040000 1.034271
0.042500 1.074422
0.045000 1.079524
0.047500 1.100210
0.050000 1.036727
0.052500 0.960779
0.055000 1.003905
0.057500 0.999675
0.060000 0.978203
0.062500 0.995969
0.065000 0.934311
0.067500 0.830710
0.070000 0.778627
0.072500 0.824172
0.075000 0.735833
0.077500 0.727091
0.080000 0.756248
0.082500 0.746733
0.085000 0.724724
0.087500 0.779085
0.090000 0.715899
0.092500 0.719047
0.095000 0.659275
0.097500 0.681814
0.100000 0.685847
0.102500 0.632062
0.105000 0.489851
0.107500 0.378958
0.110000 0.298820
0.112500 0.236049
0.115000 0.147367
0.117500 0.241718
0.120000 0.204127
0.122500 0.174743
0.125000 0.076512
0.127500 0.167466
0.130000 0.125078
0.132500 0.178739
0.135000 0.151375
0.137500 0.133662
0.140000 0.100840
0.142500 -0.037529
0.145000 -0.060436
0.147500 -0.111197
0.150000 -0.022577
0.152500 0.014681
0.155000 0.091100
0.157500 0.154189
0.160000 0.092121
0.162500 0.104382
0.165000 0.269641
0.167500 0.313911
0.170000 0.382925
0.172500 0.510265
0.175000 0.381047
0.177500 0.481368
0.180000 0.686078
0.182500 0.813079
0.185000 0.750541
0.187500 0.700931
0.190000 0.853507
0.192500 0.897215
0.195000 0.937967
0.197500 0.899124
0.200000 0.785963
0.202500 0.784235
0.205000 0.878260
0.207500 1.128421
0.210000 1.289096
0.212500 1.442729
0.215000 1.161342
0.217500 1.070484
0.220000 0.802634
0.222500 0.958277
0.225000 0.929039
0.227500 1.060316
0.230000 1.123764
0.232500 1.043557
0.235000 1.109671
0.237500 0.992924
0.240000 0.970421
0.242500 1.063865
0.245000 1.179620
0.247500 1.149495
0.250000 1.212925
0.252500 1.310557
0.255000 1.158432
0.257500 1.048121
0.260000 1.101385
0.262500 1.170933
0.265000 1.157738
0.267500 1.270650
0.270000 1.413696
0.272500 1.306449
0.275000 1.280691
0.277500 1.266473
0.280000 1.374632
0.282500 1.263711
0.285000 1.410548
0.287500 1.363257
0.290000 1.258598
0.292500 1.433204
0.295000 1.457451
0.297500 1.520981
0.300000 1.372039
0.302500 1.413164
0.305000 1.371336
0.307500 1.345698
0.310000 1.319849
0.312500 1.302907
0.315000 1.247669
0.317500 1.272771
0.320000 1.411155
0.322500 1.420151
0.325000 1.344613
0.327500 1.184718
0.330000 0.972586
0.332500 0.948693
0.335000 1.141603
0.337500 1.118555
0.340000 1.270854
0.342500 0.960214
0.345000 1.201151
0.347500 1.324896
0.350000 1.229268
0.352500 1.342284
0.355000 1.380102
0.357500 1.452688
0.360000 1.728864
0.362500 1.668711
0.365000 1.826295
0.367500 1.756058
0.370000 1.735879
0.372500 1.695461
0.375000 1.813685
0.377500 1.922432
0.380000 1.978059
0.382500 2.020863
0.385000 1.868053
0.387500 2.155330
0.390000 2.204275
0.392500 2.318517
0.395000 2.377655
0.397500 2.410438
0.400000 2.388868
0.402500 2.309959
0.405000 2.270649
0.407500 2.158014
0.410000 2.071189
0.412500 2.070909
0.415000 2.213500
0.417500 2.116217
0.420000 2.403920
0.422500 2.415289
0.425000 2.425057
0.427500 2.350273
0.430000 2.538657
0.432500 2.460699
0.435000 2.289169
0.437500 2.132531
0.440000 2.092245
0.442500 2.453665
0.445000 2.671106
0.447500 2.682745
0.450000 2.758274
0.452500 2.550653
0.455000 2.518456
0.457500 2.469722
0.460000 2.575855
0.462500 2.574261
0.465000 2.695176
0.467500 2.660504
0.470000 2.411580
0.472500 2.219890
0.475000 2.344276
0.477500 2.272971
0.480000 2.397159
0.482500 2.339681
0.485000 2.461288
0.487500 2.481897
0.490000 2.010829
0.492500 1.838384
0.495000 2.120221
0.497500 2.073094
0.500000 2.137147
0.502500 2.149849
0.505000 1.861067
0.507500 1.701048
0.510000 1.657224
0.512500 1.699594
0.515000 1.692910
0.517500 1.653186
0.520000 1.504112
0.522500 1.567941
0.525000 1.734677
0.527500 1.701841
0.530000 1.440053
0.532500 1.518368
0.535000 1.443489
0.537500 1.486580
0.540000 1.532473
0.542500 1.397805
0.545000 1.300024
0.547500 0.940330
0.550000 0.784332
0.552500 0.666725
0.555000 0.791679
0.557500 0.821768
0.560000 0.729320
0.562500 0.983373
0.565000 0.705006
0.567500 0.886030
0.570000 0.699221
0.572500 0.732715
0.575000 0.567730
0.577500 0.754178
0.580000 0.721569
0.582500 0.454379
0.585000 0.582334
0.587500 0.454703
0.590000 0.330738
0.592500 0.120230
0.595000 0.006324
0.597500 0.077130
0.600000 0.266211
0.602500 0.203055
0.605000 0.089479
0.607500 0.387133
0.610000 0.522825
0.612500 0.484816
0.615000 0.352857
0.617500 0.592898
0.620000 0.433241
0.622500 0.345537
0.625000 -0.026450
0.627500 -0.236762
0.630000 -0.397450
0.632500 -0.535948
0.635000 -0.456868
0.637500 -0.516214
0.640000 -0.584423
0.642500 -0.642816
0.645000 -0.507671
0.647500 -0.412758
0.650000 -0.543670
0.652500 -0.685098
0.655000 -0.546483
0.657500 -0.534305
0.660000 -0.734132
0.662500 -0.650598
0.665000 -0.855727
0.667500 -0.955922
0.670000 -1.035239
0.672500 -0.806088
0.675000 -0.783868
0.677500 -0.637934
0.680000 -0.793730
0.682500 -0.860909
0.685000 -0.476069
0.687500 -0.669461
0.690000 -0.634691
0.692500 -0.541684
0.695000 -0.472796
0.697500 -0.319018
0.700000 -0.388094
0.702500 -0.454229
0.705000 -0.527989
0.707500 -0.614275
0.710000 -0.559264
0.712500 -0.255096
0.715000 -0.423972
0.717500 -0.378820
0.720000 -0.208498
0.722500 -0.295773
0.725000 -0.424747
0.727500 -0.304111
0.730000 -0.636384
0.732500 -0.525876
0.735000 -0.496508
0.737500 -0.715599
0.740000 -0.666961
0.742500 -0.568208
0.745000 -0.726278
0.747500 -0.904568
0.750000 -0.827568
0.752500 -0.610556
0.755000 -0.624242
0.757500 -0.670625
0.760000 -1.186600
0.762500 -1.279909
0.765000 -1.400218
0.767500 -1.285412
0.770000 -1.182872
0.772500 -1.025749
0.775000 -1.121268
0.777500 -1.062191
0.780000 -0.715726
0.782500 -0.426196
0.785000 -0.136947
0.787500 -0.007896
0.790000 -0.137039
0.792500 -0.139072
0.795000 -0.034138
0.797500 -0.018979
0.800000 0.176669
0.802500 0.245620
0.805000 0.683591
0.807500 0.569330
0.810000 0.431753
0.812500 0.517152
0.815000 0.426082
0.817500 0.389962
0.820000 0.454476
0.822500 0.550015
0.825000 0.756194
0.827500 1.055383
0.830000 0.867959
0.832500 0.760540
0.835000 0.834342
0.837500 1.093928
0.840000 1.136111
0.842500 1.343024
0.845000 1.364512
0.847500 1.063885
0.850000 1.385864
0.852500 1.306861
0.855000 1.387273
0.857500 1.804639
0.860000 1.415815
0.862500 1.388752
0.865000 1.727135
0.867500 1.557345
0.870000 1.605128
0.872500 1.515182
0.875000 1.718780
0.877500 1.732559
0.880000 1.536935
0.882500 1.656595
0.885000 2.052783
0.887500 2.074446
0.890000 2.090798
0.892500 2.040192
0.895000 1.907224
0.897500 1.994154
0.900000 1.945586
0.902500 2.257188
0.905000 2.434398
0.907500 2.680477
0.910000 2.319873
0.912500 2.593215
0.915000 2.945859
0.917500 2.711268
0.920000 2.952785
0.922500 2.932045
0.925000 2.838022
0.927500 2.385599
0.930000 2.250049
0.932500 2.199259
0.935000 1.931896
0.937500 1.653846
0.940000 1.388338
0.942500 1.482357
0.945000 1.561970
0.947500 1.747812
0.950000 1.843213
0.952500 1.666380
0.955000 1.521294
0.957500 1.493585
0.960000 1.739949
0.962500 1.555883
0.965000 1.498193
0.967500 1.390545
0.970000 1.312554
0.972500 1.095855
0.975000 1.272970
0.977500 1.320531
0.980000 1.946628
0.982500 1.982702
0.985000 2.344491
0.987500 2.089064
0.990000 2.002716
0.992500 2.058405
0.995000 2.102564
0.997500 2.150434
1.000000 1.933346
nan nan
0.000000 1.119835
0.002500 1.102414
0.005000 1.099347
0.007500 1.143204
0.010000 1.139965
0.012500 1.247553
0.015000 1.278846
0.017500 1.283489
0.020000 1.286289
0.022500 1.304130
0.025000 1.313197
0.027500 1.363938
0.030000 1.360939
0.032500 1.369140
0.035000 1.409920
0.037500 1.379562
0.040000 1.454107
0.042500 1.525448
0.045000 1.494011
0.047500 1.505795
0.050000 1.498370
0.052500 1.542639
0.055000 1.492127
0.057500 1.439864
0.060000 1.452886
0.062500 1.440186
0.065000 1.570861
0.067500 1.625715
0.070000 1.634021
0.072500 1.686313
0.075000 1.752562
0.077500 1.699961
0.080000 1.679163
0.082500 1.742302
0.085000 1.792346
0.087500 1.763873
0.090000 1.680222
0.092500 1.755829
0.095000 1.799909
0.097500 1.892185
0.100000 1.860515
0.102500 1.887355
0.105000 1.992852
0.107500 1.958058
0.110000 2.029598
0.112500 2.023387
0.115000 2.126371
0.117500 2.223341
0.120000 2.260874
0.122500 2.253310
0.125000 2.205127
0.127500 2.303628
0.130000 2.162259
0.132500 2.084675
0.135000 2.110399
0.137500 2.053615
0.140000 2.003832
0.142500 1.971715
0.145000 1.806276
0.147500 1.745788
0.150000 1.660952
0.152500 1.603789
0.155000 1.493658
0.157500 1.571841
0.160000 1.492119
0.162500 1.306803
0.165000 1.456860
0.167500 1.495425
0.170000 1.497456
0.172500 1.532216
0.175000 1.701219
0.177500 1.653876
0.180000 1.594778
0.182500 1.510507
0.185000 1.477236
0.187500 1.504688
0.190000 1.577241
0.192500 1.526056
0.195000 1.607312
0.197500 1.643974
0.200000 1.613694
0.202500 1.629924
0.205000 1.656330
0.207500 1.761750
0.210000 1.785454
0.212500 1.772801
0.215000 1.634124
0.217500 1.683849
0.220000 1.583671
0.222500 1.387760
0.225000 1.351129
0.227500 1.370293
0.230000 1.310196
0.232500 1.227479
0.235000 1.235782
0.237500 1.134459
0.240000 1.379650
0.242500 1.389455
0.245000 1.134862
0.247500 1.216721
0.250000 1.157244
0.252500 1.206784
0.255000 0.972140
0.257500 1.096874
0.260000 1.020404
0.262500 1.116725
0.265000 1.067649
0.267500 1.014271
0.270000 1.040194
0.272500 1.095850
0.275000 1.014409
0.277500 0.848584
0.280000 1.056121
0.282500 0.954799
0.285000 1.049578
0.287500 0.950337
0.290000 0.852690
0.292500 1.012974
0.295000 0.999462
0.297500 1.315694
0.300000 1.329553
0.302500 1.085664
0.305000 1.053758
0.307500 0.856804
0.310000 0.607597
0.312500 0.757401
0.315000 0.767233
0.317500 0.827471
0.320000 0.642183
0.322500 0.477676
0.325000 0.337499
0.327500 0.435520
0.330000 0.397755
0.332500 0.298397
0.335000 0.300663
0.337500 0.327127
0.340000 0.414276
0.342500 0.625567
0.345000 0.725595
0.347500 0.779465
0.350000 0.789135
0.352500 0.561951
0.355000 0.761708
0.357500 0.624065
0.360000 0.549241
0.362500 0.521507
0.365000 0.647861
0.367500 0.485828
0.370000 0.523557
0.372500 0.369314
0.375000 0.357009
0.377500 0.085916
0.380000 0.159426
0.382500 0.277926
0.385000 -0.008380
0.387500 -0.097854
0.390000 -0.138718
0.392500 -0.108656
0.395000 0.252772
0.397500 0.357245
0.400000 0.438477
0.402500 0.442061
0.405000 0.484910
0.407500 0.652593
0.410000 0.571867
0.412500 0.697644
0.415000 0.861124
0.417500 0.854713
0.420000 0.647120
0.422500 0.596078
0.425000 0.501153
0.427500 0.496251
0.430000 0.237881
0.432500 0.097757
0.435000 -0.144598
0.437500 -0.109222
0.440000 -0.019369
0.442500 -0.116531
0.445000 0.133935
0.447500 0.275186
0.450000 0.504468
0.452500 0.477300
0.455000 0.472883
0.457500 0.678843
0.460000 0.844539
0.462500 0.872570
0.465000 0.722498
0.467500 0.890224
0.470000 0.814785
0.472500 0.933516
0.475000 0.958380
0.477500 0.835247
0.480000 0.626842
0.482500 0.750668
0.485000 0.564881
0.487500 0.611029
0.490000 0.587630
0.492500 0.542116
0.495000 0.406421
0.497500 0.385909
0.500000 0.138192
0.502500 0.106260
0.505000 -0.050839
0.507500 -0.220337
0.510000 -0.088004
0.512500 -0.298575
0.515000 -0.638992
0.517500 -0.864583
0.520000 -0.816735
0.522500 -0.633109
0.525000 -0.505722
0.527500 -0.569163
0.530000 -0.635071
0.532500 -0.328082
0.535000 -0.282720
0.537500 -0.054839
0.540000 -0.262665
0.542500 -0.167227
0.545000 -0.124325
0.547500 -0.239398
0.550000 -0.247420
0.552500 -0.152768
0.555000 0.030599
0.557500 0.277587
0.560000 0.100102
0.562500 0.112371
0.565000 0.010255
0.567500 -0.007118
0.570000 -0.011214
0.572500 0.105373
0.575000 0.256130
0.577500 0.430704
0.580000 0.451174
0.582500 0.343347
0.585000 0.235797
0.587500 0.309796
0.590000 0.120743
0.592500 0.315262
0.595000 0.385136
0.597500 0.748120
0.600000 0.744999
0.602500 0.372446
0.605000 0.239154
0.607500 0.156023
0.610000 0.063514
0.612500 0.160305
0.615000 -0.144049
0.617500 -0.354016
0.620000 -0.306337
0.622500 -0.494285
0.625000 -0.484663
0.627500 -0.379186
0.630000 -0.359790
0.632500 -0.313414
0.635000 -0.470879
0.637500 -0.413877
0.640000 0.060228
0.642500 -0.157363
0.645000 0.054641
0.647500 -0.044387
0.650000 -0.098791
0.652500 -0.064012
0.655000 -0.142474
0.657500 -0.314251
0.660000 -0.182327
0.662500 -0.051730
0.665000 0.071310
0.667500 -0.038563
0.670000 -0.193668
0.672500 -0.209986
0.675000 -0.063197
0.677500 -0.189140
0.680000 0.012465
0.682500 -0.384866
0.685000 -0.498788
0.687500 -0.615814
0.690000 -0.890620
0.692500 -0.901355
0.695000 -0.911578
0.697500 -0.967479
0.700000 -0.767063
0.702500 -1.045854
0.705000 -1.178689
0.707500 -0.918433
0.710000 -1.042970
0.712500 -1.016723
0.715000 -1.129163
0.717500 -1.364291
0.720000 -1.171825
0.722500 -1.070729
0.725000 -1.354266
0.727500 -1.148467
0.730000 -1.208638
0.732500 -1.613073
0.735000 -1.240369
0.737500 -1.180561
0.740000 -1.283401
0.742500 -1.400626
0.745000 -1.246022
0.747500 -1.150317
0.750000 -1.109738
0.752500 -1.245645
0.755000 -1.159069
0.757500 -0.741094
0.760000 -1.120662
0.762500 -1.204973
0.765000 -1.168433
0.767500 -0.988453
0.770000 -0.935260
0.772500 -0.983532
0.775000 -0.906929
0.777500 -0.920613
0.780000 -0.702280
0.782500 -0.684320
0.785000 -0.741202
0.787500 -0.946739
0.790000 -1.014896
0.792500 -0.594675
0.795000 -0.871826
0.797500 -0.894046
0.800000 -0.793898
0.802500 -0.971297
0.805000 -0.793790
0.807500 -0.717512
0.810000 -0.488198
0.812500 -0.229641
0.815000 -0.153942
0.817500 -0.236367
0.820000 -0.519299
0.822500 -0.321146
0.825000 -0.300263
0.827500 -0.357904
0.830000 -0.361058
0.832500 -0.130346
0.835000 -0.355197
0.837500 -0.690035
0.840000 -0.739479
0.842500 -0.718565
0.845000 -0.864628
0.847500 -0.687084
0.850000 -0.590371
0.852500 -0.595265
0.855000 -1.006610
0.857500 -0.987120
0.860000 -1.002152
0.862500 -1.018722
0.865000 -1.018180
0.867500 -1.091619
0.870000 -1.609030
0.872500 -1.623664
0.875000 -1.574371
0.877500 -1.800077
0.880000 -2.073831
0.882500 -1.792637
0.885000 -1.869813
0.887500 -1.832185
0.890000 -2.294355
0.892500 -2.018514
0.895000 -1.931378
0.897500 -1.859959
0.900000 -1.958235
0.902500 -2.166907
0.905000 -2.058981
0.907500 -2.074697
0.910000 -2.139900
0.912500 -1.967849
0.915000 -1.594800
0.917500 -1.643279
0.920000 -1.989489
0.922500 -1.895975
0.925000 -1.534827
0.927500 -1.577713
0.930000 -1.811273
0.932500 -1.782735
0.935000 -1.782532
0.937500 -1.439713
0.940000 -1.353222
0.942500 -1.180254
0.945000 -1.133485
0.947500 -0.805861
0.950000 -1.145020
0.952500 -1.109096
0.955000 -1.362516
0.957500 -1.055176
0.960000 -0.942516
0.962500 -1.174212
0.965000 -1.182109
0.967500 -1.241688
0.970000 -1.384276
0.972500 -1.400254
0.975000 -1.807906
0.977500 -1.639402
0.980000 -1.495464
0.982500 -1.466157
0.985000 -1.148316
0.987500 -0.665362
0.990000 -0.661019
0.992500 -0.689060
0.995000 -1.046182
0.997500 -0.981421
1.000000 -1.191565
nan nan
0.000000 0.974555
0.002500 0.937694
0.005000 0.955210
0.007500 0.979071
0.010000 0.966831
0.012500 0.953264
0.015000 0.996098
0.017500 1.010961
0.020000 1.037882
0.022500 0.978262
0.025000 0.992226
0.027500 0.941164
0.030000 0.961808
0.032500 1.020888
0.035000 1.080415
0.037500 1.107628
0.040000 1.051713
0.042500 1.035231
0.045000 0.975814
0.047500 0.946213
0.050000 0.964044
0.052500 0.987669
0.055000 1.048837
0.057500 1.102119
0.060000 1.061110
0.062500 0.966020
0.065000 0.887939
0.067500 0.912368
0.070000 1.019610
0.072500 0.938453
0.075000 1.056429
0.077500 1.073667
0.080000 1.058924
0.082500 1.310322
0.085000 1.257725
0.087500 1.218357
0.090000 1.218248
0.092500 1.236689
0.095000 1.309979
0.097500 1.250404
0.100000 1.208442
0.102500 1.354902
0.105000 1.514644
0.107500 1.519077
0.110000 1.483245
0.112500 1.496419
0.115000 1.557396
0.117500 1.491197
0.120000 1.543682
0.122500 1.576614
0.125000 1.427197
0.127500 1.378425
0.130000 1.326793
0.132500 1.359965
0.135000 1.311326
0.137500 1.477369
0.140000 1.329896
0.142500 1.407675
0.145000 1.497856
0.147500 1.546401
0.150000 1.475211
0.152500 1.330168
0.155000 1.181092
0.157500 1.139459
0.160000 1.160673
0.162500 1.187033
0.165000 1.189497
0.167500 1.067620
0.170000 1.244662
0.172500 0.987065
0.175000 0.940611
0.177500 0.823000
0.180000 0.792225
0.182500 0.806606
0.185000 0.840737
0.187500 0.862338
0.190000 0.870995
0.192500 0.964586
0.195000 0.940511
0.197500 0.840708
0.200000 0.864408
0.202500 0.666935
0.205000 0.605120
0.207500 0.571741
0.210000 0.492452
0.212500 0.562693
0.215000 0.572672
0.217500 0.394477
0.220000 0.356205
0.222500 0.454125
0.225000 0.264998
0.227500 0.497379
0.230000 0.420561
0.232500 0.533958
0.235000 0.585770
0.237500 0.613408
0.240000 0.486187
0.242500 0.415968
0.245000 0.244830
0.247500 0.270294
0.250000 0.438167
0.252500 0.503651
0.255000 0.541726
0.257500 0.369409
0.260000 0.253043
0.262500 0.374028
0.265000 0.306900
0.267500 0.313228
0.270000 0.278524
0.272500 0.199293
0.275000 0.194176
0.277500 0.361975
0.280000 0.504947
0.282500 0.428342
0.285000 0.529624
0.287500 0.469770
0.290000 0.401138
0.292500 0.379118
0.295000 0.431291
0.297500 0.693430
0.300000 0.877317
0.302500 0.931388
0.305000 0.975318
0.307500 1.012150
0.310000 0.828264
0.312500 0.912800
0.315000 0.912115
0.317500 0.904919
0.320000 0.887048
0.322500 0.852748
0.325000 0.705247
0.327500 0.868102
0.330000 0.570634
0.332500 0.461995
0.335000 0.297216
0.337500 0.175127
0.340000 -0.048888
0.342500 0.128870
0.345000 0.297361
0.347500 0.126038
0.350000 0.141095
0.352500 0.179270
0.355000 0.049567
0.357500 -0.159852
0.360000 -0.339188
0.362500 -0.212169
0.365000 -0.341844
0.367500 -0.599637
0.370000 -0.529460
0.372500 -0.562236
0.375000 -0.617758
0.377500 -0.563743
0.380000 -0.533684
0.382500 -0.551190
0.385000 -0.555063
0.387500 -0.474772
0.390000 -0.369803
0.392500 -0.285618
0.395000 -0.709501
0.397500 -0.993627
0.400000 -1.055996
0.402500 -1.048643
0.405000 -0.984969
0.407500 -0.957198
0.410000 -0.822501
0.412500 -0.885079
0.415000 -0.743467
0.417500 -0.616404
0.420000 -0.608045
0.422500 -0.566128
0.425000 -0.436085
0.427500 -0.558828
0.430000 -0.399635
0.432500 -0.448675
0.435000 -0.561988
0.437500 -0.541387
0.440000 -0.478322
0.442500 -0.572533
0.445000 -0.479743
0.447500 -0.272221
0.450000 -0.083978
0.452500 -0.201962
0.455000 -0.032499
0.457500 0.198094
0.460000 0.313755
0.462500 0.302037
0.465000 -0.068175
0.467500 -0.103176
0.470000 -0.208272
0.472500 -0.078487
0.475000 0.051321
0.477500 -0.133668
0.480000 -0.233578
0.482500 -0.176137
0.485000 -0.321251
0.487500 -0.328023
0.490000 -0.439795
0.492500 -0.429985
0.495000 -0.542575
0.497500 -0.669707
0.500000 -0.606993
0.502500 -0.655526
0.505000 -0.870907
0.507500 -0.614879
0.510000 -0.560937
0.512500 -0.676327
0.515000 -0.709264
0.517500 -0.721318
0.520000 -1.019277
0.522500 -0.972563
0.525000 -0.880391
0.527500 -0.728367
0.530000 -0.776931
0.532500 -0.700558
0.535000 -0.761627
0.537500 -0.764918
0.540000 -0.568374
0.542500 -0.505042
0.545000 -0.293740
0.547500 -0.433782
0.550000 -0.487083
0.552500 -0.428251
0.555000 -0.690252
0.557500 -0.958650
0.560000 -0.880014
0.562500 -1.022255
0.565000 -0.822089
0.567500 -0.854572
0.570000 -0.808117
0.572500 -0.722207
0.575000 -0.949278
0.577500 -0.825799
0.580000 -0.727311
0.582500 -0.787937
0.585000 -0.580562
0.587500 -0.426804
0.590000 -0.589277
0.592500 -0.911703
0.595000 -0.724466
0.597500 -0.993350
0.600000 -0.806358
0.602500 -0.746868
0.605000 -0.799770
0.607500 -0.807802
0.610000 -0.433884
0.612500 -0.426268
0.615000 -0.505450
0.617500 -0.750046
0.620000 -0.559512
0.622500 -0.687773
0.625000 -0.584806
0.627500 -0.712732
0.630000 -0.654627
0.632500 -0.819893
0.635000 -0.541390
0.637500 -0.682826
0.640000 -0.928845
0.642500 -0.977434
0.645000 -0.863683
0.647500 -1.073117
0.650000 -1.095842
0.652500 -1.203973
0.655000 -1.351344
0.657500 -1.355119
0.660000 -1.099670
0.662500 -1.074609
0.665000 -0.894252
0.667500 -0.676485
0.670000 -0.598260
0.672500 -0.600308
0.675000 -0.380777
0.677500 -0.617287
0.680000 -0.801550
0.682500 -0.825253
0.685000 -0.879585
0.687500 -0.964911
0.690000 -0.901177
0.692500 -0.953049
0.695000 -0.850821
0.697500 -0.860919
0.700000 -0.608244
0.702500 -0.883112
0.705000 -0.677228
0.707500 -0.831610
0.710000 -1.013494
0.712500 -0.784644
0.715000 -0.901194
0.717500 -0.654181
0.720000 -0.988495
0.722500 -0.478945
0.725000 -0.446094
0.727500 -0.358712
0.730000 -0.045718
0.732500 0.025149
0.735000 0.125418
0.737500 0.077500
0.740000 0.031483
0.742500 0.171424
0.745000 0.538340
0.747500 0.485904
0.750000 0.182439
0.752500 0.093919
0.755000 0.222399
0.757500 -0.051571
0.760000 -0.082719
0.762500 -0.355315
0.765000 -0.288899
0.767500 0.028817
0.770000 0.274705
0.772500 0.321923
0.775000 0.627214
0.777500 0.879034
0.780000 0.689528
0.782500 0.554483
0.785000 0.661064
0.787500 0.764362
0.790000 0.852672
0.792500 0.998328
0.795000 0.978068
0.797500 0.851652
0.800000 0.826198
0.802500 0.820813
0.805000 0.699396
0.807500 0.577389
0.810000 0.477230
0.812500 0.433442
0.815000 0.168677
0.817500 0.482922
0.820000 0.134229
0.822500 0.217397
0.825000 0.114226
0.827500 0.417668
0.830000 0.485316
0.832500 0.474637
0.835000 0.298963
0.837500 0.226066
0.840000 0.191326
0.842500 0.255241
0.845000 0.250714
0.847500 0.365255
0.850000 0.483379
0.852500 0.147522
0.855000 -0.034772
0.857500 -0.020202
0.860000 -0.157327
0.862500 0.121297
0.865000 0.030903
0.867500 -0.160869
0.870000 -0.033885
0.872500 -0.098919
0.875000 0.182198
0.877500 0.718821
0.880000 0.692402
0.882500 0.785282
0.885000 0.950547
0.887500 1.109729
0.890000 1.115418
0.892500 1.474601
0.895000 1.644303
0.897500 1.415298
0.900000 1.144533
0.902500 0.669185
0.905000 0.518009
0.907500 0.739793
0.910000 0.643333
0.912500 0.916735
0.915000 0.978436
0.917500 0.838917
0.920000 1.145567
0.922500 1.272555
0.925000 1.227273
0.927500 0.997048
0.930000 1.168680
0.932500 1.179707
0.935000 0.949691
0.937500 0.769120
0.940000 0.797720
0.942500 0.635728
0.945000 0.084799
0.947500 -0.071808
0.950000 0.006441
0.952500 0.104140
0.955000 -0.142933
0.957500 -0.701519
0.960000 -0.599053
0.962500 -0.660958
0.965000 -0.772565
0.967500 -1.049288
0.970000 -1.329682
0.972500 -1.509831
0.975000 -1.124324
0.977500 -1.325754
0.980000 -1.570695
0.982500 -1.641101
0.985000 -1.545556
0.987500 -1.061670
0.990000 -1.029797
0.992500 -0.790048
0.995000 -0.645277
0.997500 -0.756452
1.000000 -0.979436
nan nan
0.000000 -0.916309
0.002500 -0.936339
0.005000 -0.921447
0.007500 -0.920577
0.010000 -0.927868
0.012500 -0.988032
0.015000 -0.934947
0.017500 -0.965970
0.020000 -1.022795
0.022500 -1.100972
0.025000 -1.112941
0.027500 -1.144273
0.030000 -1.165592
0.032500 -1.138966
0.035000 -1.191911
0.037500 -1.139067
0.040000 -1.195926
0.042500 -1.175127
0.045000 -1.172485
0.047500 -1.141927
0.050000 -1.072202
0.052500 -1.048262
0.055000 -1.165215
0.057500 -1.069015
0.060000 -1.044820
0.062500 -1.064854
0.065000 -1.106557
0.067500 -1.039788
0.070000 -0.990471
0.072500 -0.968554
0.075000 -1.064131
0.077500 -0.902462
0.080000 -0.904447
0.082500 -1.097240
0.085000 -1.011431
0.087500 -1.036544
0.090000 -1.116448
0.092500 -1.107501
0.095000 -0.938600
0.097500 -0.872932
0.100000 -0.935469
0.102500 -0.839175
0.105000 -0.737549
0.107500 -0.849904
0.110000 -0.850262
0.112500 -1.010382
0.115000 -0.966598
0.117500 -0.936464
0.120000 -1.084685
0.122500 -1.095021
0.125000 -1.145783
0.127500 -1.103936
0.130000 -1.072951
0.132500 -1.042596
0.135000 -1.011632
0.137500 -0.941744
0.140000 -0.829713
0.142500 -0.946277
0.145000 -0.999170
0.147500 -0.966981
0.150000 -0.901881
0.152500 -0.941870
0.155000 -0.935164
0.157500 -0.641558
0.160000 -0.662236
0.162500 -0.587911
0.165000 -0.505891
0.167500 -0.557637
0.170000 -0.395062
0.172500 -0.375409
0.175000 -0.285481
0.177500 -0.364998
0.180000 -0.296930
0.182500 -0.315954
0.185000 -0.310132
0.187500 -0.164787
0.190000 0.012938
0.192500 0.117633
0.195000 0.215174
0.197500 0.162296
0.200000 0.177426
0.202500 -0.033109
0.205000 -0.148656
0.207500 -0.278516
0.210000 -0.107601
0.212500 -0.196653
0.215000 -0.111551
0.217500 -0.258860
0.220000 -0.125779
0.222500 -0.060081
0.225000 0.105973
0.227500 0.238950
0.230000 0.313160
0.232500 0.243742
0.235000 0.199393
0.237500 0.141391
0.240000 0.249750
0.242500 0.352704
0.245000 0.279977
0.247500 0.303772
0.250000 0.331158
0.252500 0.484227
0.255000 0.416578
0.257500 0.459539
0.260000 0.437095
0.262500 0.391446
0.265000 0.316075
0.267500 0.197175
0.270000 0.208884
0.272500 0.057965
0.275000 0.028146
0.277500 0.215545
0.280000 0.306891
0.282500 0.255369
0.285000 0.218134
0.287500 0.117348
0.290000 -0.169231
0.292500 -0.030302
0.295000 -0.087533
0.297500 0.184044
0.300000 0.265673
0.302500 0.246357
0.305000 0.277014
0.307500 0.326512
0.310000 0.110016
0.312500 0.237855
0.315000 0.264546
0.317500 0.413640
0.320000 0.333903
0.322500 0.279408
0.325000 0.285374
0.327500 0.240925
0.330000 0.340259
0.332500 0.187758
0.335000 0.115509
0.337500 0.271897
0.340000 0.120634
0.342500 0.225953
0.345000 0.109559
0.347500 0.200096
0.350000 -0.116556
0.352500 -0.121913
0.355000 -0.073708
0.357500 -0.069153
0.360000 0.091263
0.362500 -0.003522
0.365000 0.073554
0.367500 0.051246
0.370000 -0.073533
0.372500 -0.162429
0.375000 -0.090660
0.377500 -0.075409
0.380000 -0.107974
0.382500 0.137551
0.385000 0.199053
0.387500 0.145355
0.390000 0.290194
0.392500 0.188132
0.395000 0.274431
0.397500 0.353627
0.400000 0.185537
0.402500 0.024412
0.405000 0.193029
0.407500 0.218594
0.410000 0.222293
0.412500 0.259722
0.415000 0.492220
0.417500 0.416032
0.420000 0.426924
0.422500 0.527478
0.425000 0.397406
0.427500 0.520535
0.430000 0.624518
0.432500 0.381108
0.435000 0.099540
0.437500 0.069580
0.440000 -0.304110
0.442500 -0.302371
0.445000 -0.287417
0.447500 -0.156134
0.450000 -0.358902
0.452500 -0.352566
0.455000 -0.280468
0.457500 -0.241469
0.460000 -0.179367
0.462500 0.136255
0.465000 0.222397
0.467500 0.146613
0.470000 0.055462
0.472500 -0.135600
0.475000 0.013317
0.477500 -0.253616
0.480000 -0.189707
0.482500 -0.112708
0.485000 -0.257649
0.487500 -0.246627
0.490000 -0.309647
0.492500 -0.243328
0.495000 -0.391653
0.497500 -0.194413
0.500000 -0.161918
0.502500 -0.296926
0.505000 -0.094939
0.507500 0.059763
0.510000 0.182972
0.512500 0.302202
0.515000 0.113631
0.517500 -0.006375
0.520000 -0.138703
0.522500 -0.304483
0.525000 -0.359535
0.527500 -0.066164
0.530000 -0.133278
0.532500 -0.194432
0.535000 -0.040879
0.537500 -0.309250
0.540000 -0.188784
0.542500 -0.144329
0.545000 -0.030994
0.547500 -0.048697
0.550000 -0.218545
0.552500 -0.253999
0.555000 -0.060603
0.557500 -0.230551
0.560000 -0.358341
0.562500 -0.509133
0.565000 -0.228859
0.567500 -0.091617
0.570000 -0.026945
0.572500 -0.094198
0.575000 -0.026708
0.577500 -0.024341
0.580000 -0.400602
0.582500 -0.874157
0.585000 -0.575490
0.587500 -0.400687
0.590000 -0.503399
0.592500 -0.412765
0.595000 -0.574832
0.597500 -0.225202
0.600000 -0.105992
0.602500 -0.251280
0.605000 -0.155864
0.607500 -0.037442
0.610000 -0.324049
0.612500 -0.238230
0.615000 0.034183
0.617500 0.056126
0.620000 0.148649
0.622500 0.240387
0.625000 0.399598
0.627500 0.593718
0.630000 0.635559
0.632500 0.685578
0.635000 1.056918
0.637500 1.241216
0.640000 0.782825
0.642500 0.517919
0.645000 0.426660
0.647500 0.527838
0.650000 0.566239
0.652500 0.307323
0.655000 0.208805
0.657500 0.367648
0.660000 0.586567
0.662500 0.259480
0.665000 0.313607
0.667500 0.071500
0.670000 0.382851
0.672500 0.324706
0.675000 0.319818
0.677500 0.105472
0.680000 0.241974
0.682500 0.218822
0.685000 0.299054
0.687500 0.405464
0.690000 0.402950
0.692500 0.391975
0.695000 0.643685
0.697500 0.525644
0.700000 0.698430
0.702500 0.848319
0.705000 0.766661
0.707500 0.754515
0.710000 0.357007
0.712500 0.421204
0.715000 0.624820
0.717500 0.622614
0.720000 0.609771
0.722500 0.578350
0.725000 0.583727
0.727500 0.505828
0.730000 0.388123
0.732500 0.301406
0.735000 0.374579
0.737500 0.257187
0.740000 -0.094783
0.742500 -0.399817
0.745000 -0.568490
0.747500 -0.512149
0.750000 -0.593674
0.752500 -0.620028
0.755000 -0.805433
0.757500 -0.822566
0.760000 -0.975324
0.762500 -0.870256
0.765000 -1.149102
0.767500 -0.984638
0.770000 -1.464042
0.772500 -0.949507
0.775000 -0.998858
0.777500 -0.857922
0.780000 -1.320785
0.782500 -1.404675
0.785000 -0.914130
0.787500 -0.755411
0.790000 -0.655969
0.792500 -0.437423
0.795000 -0.102622
0.797500 -0.034622
0.800000 0.049052
0.802500 -0.278277
0.805000 -0.304634
0.807500 -0.492820
0.810000 -0.590994
0.812500 -0.598731
0.815000 -0.565384
0.817500 -0.297123
0.820000 -0.455403
0.822500 -0.355007
0.825000 -0.182862
0.827500 -0.264182
0.830000 -0.185701
0.832500 -0.088000
0.835000 -0.374042
0.837500 0.108767
0.840000 -0.111293
0.842500 0.066768
0.845000 -0.152755
0.847500 -0.329102
0.850000 -0.611442
0.852500 -0.488406
0.855000 -0.593063
0.857500 -0.457205
0.860000 -0.485411
0.862500 -0.475234
0.865000 -0.732775
0.867500 -0.905703
0.870000 -0.546778
0.872500 -0.520887
0.875000 -0.302168
0.877500 -0.218548
0.880000 0.068683
0.882500 0.093194
0.885000 0.491883
0.887500 0.603744
0.890000 0.636232
0.892500 0.664177
0.895000 0.674018
0.897500 0.509573
0.900000 0.743881
0.902500 0.996499
0.905000 0.786401
0.907500 1.028296
0.910000 0.870996
0.912500 0.694165
0.915000 1.048869
0.917500 1.238439
0.920000 0.896967
0.922500 0.913459
0.925000 0.822926
0.927500 0.736265
0.930000 0.615377
0.932500 0.939287
0.935000 1.056833
0.937500 1.063891
0.940000 0.868445
0.942500 0.675725
0.945000 0.882802
0.947500 1.218321
0.950000 1.538294
0.952500 1.824097
0.955000 1.724370
0.957500 1.940975
0.960000 2.416173
0.962500 2.366555
0.965000 2.603195
0.967500 2.384595
0.970000 2.573753
0.972500 2.555746
0.975000 2.783287
0.977500 2.743676
0.980000 2.331426
0.982500 2.373647
0.985000 2.219076
0.987500 1.949859
0.990000 2.259679
0.992500 2.158273
0.995000 2.473941
0.997500 2.268589
1.000000 2.660461
nan nan
0.000000 -0.900414
0.002500 -0.904997
0.005000 -0.929396
0.007500 -0.940715
0.010000 -0.926422
0.012500 -0.918104
0.015000 -0.971554
0.017500 -0.945196
0.020000 -1.023173
0.022500 -1.027053
0.025000 -0.972219
0.027500 -0.996172
0.030000 -0.975003
0.032500 -0.940278
0.035000 -0.935026
0.037500 -0.913172
0.040000 -0.935699
0.042500 -1.027672
0.045000 -1.091322
0.047500 -1.152770
0.050000 -1.156945
0.052500 -1.114183
0.055000 -1.117897
0.057500 -1.116025
0.060000 -1.168185
0.062500 -1.141963
0.065000 -1.161439
0.067500 -1.073428
0.070000 -1.022943
0.072500 -0.963868
0.075000 -1.026506
0.077500 -1.063998
0.080000 -1.083360
0.082500 -1.060246
0.085000 -1.056347
0.087500 -1.136122
0.090000 -1.257885
0.092500 -1.210689
0.095000 -1.139661
0.097500 -1.289099
0.100000 -1.315307
0.102500 -1.416483
0.105000 -1.410657
0.107500 -1.402366
0.110000 -1.448334
0.112500 -1.418121
0.115000 -1.238719
0.117500 -1.319399
0.120000 -1.337778
0.122500 -1.339255
0.125000 -1.292666
0.127500 -1.221148
0.130000 -1.202245
0.132500 -1.273500
0.135000 -1.315689
0.137500 -1.424711
0.140000 -1.450229
0.142500 -1.446541
0.145000 -1.316599
0.147500 -1.363713
0.150000 -1.402291
0.152500 -1.411333
0.155000 -1.441581
0.157500 -1.422201
0.160000 -1.452538
0.162500 -1.446813
0.165000 -1.340078
0.167500 -1.413568
0.170000 -1.369008
0.172500 -1.335564
0.175000 -1.474289
0.177500 -1.405936
0.180000 -1.465335
0.182500 -1.573919
0.185000 -1.688515
0.187500 -1.437722
0.190000 -1.543287
0.192500 -1.631199
0.195000 -1.601021
0.197500 -1.769053
0.200000 -1.775948
0.202500 -1.794145
0.205000 -2.029849
0.207500 -1.996145
0.210000 -2.153074
0.212500 -2.123736
0.215000 -2.149115
0.217500 -2.160597
0.220000 -2.188067
0.222500 -2.299239
0.225000 -2.389645
0.227500 -2.343665
0.230000 -2.263032
0.232500 -2.258876
0.235000 -2.416288
0.237500 -2.269326
0.240000 -2.412880
0.242500 -2.534035
0.245000 -2.533021
0.247500 -2.581392
0.250000 -2.405551
0.252500 -2.325636
0.255000 -2.070556
0.257500 -1.959182
0.260000 -2.102383
0.262500 -2.156515
0.265000 -2.116512
0.267500 -1.859906
0.270000 -1.837087
0.272500 -1.974434
0.275000 -2.109555
0.277500 -2.306831
0.280000 -2.355986
0.282500 -2.220422
0.285000 -2.217079
0.287500 -2.138903
0.290000 -2.001516
0.292500 -2.255129
0.295000 -2.180056
0.297500 -2.337950
0.300000 -2.538207
0.302500 -2.497241
0.305000 -2.284214
0.307500 -2.230875
0.310000 -2.091651
0.312500 -1.976332
0.315000 -1.757622
0.317500 -1.816912
0.320000 -1.976638
0.322500 -2.124574
0.325000 -2.125432
0.327500 -2.260607
0.330000 -2.060783
0.332500 -2.060475
0.335000 -1.998523
0.337500 -2.070910
0.340000 -1.961806
0.342500 -1.913801
0.345000 -1.684572
0.347500 -1.518137
0.350000 -1.506471
0.352500 -1.530739
0.355000 -1.616879
0.357500 -1.782091
0.360000 -1.851000
0.362500 -1.791164
0.365000 -2.006141
0.367500 -2.099496
0.370000 -2.094713
0.372500 -1.891851
0.375000 -1.969867
0.377500 -1.795992
0.380000 -1.776504
0.382500 -1.921926
0.385000 -2.031486
0.387500 -1.834341
0.390000 -1.834252
0.392500 -1.949043
0.395000 -2.122755
0.397500 -2.115210
0.400000 -2.232027
0.402500 -2.428411
0.405000 -2.528318
0.407500 -2.553472
0.410000 -2.534715
0.412500 -2.620367
0.415000 -2.480072
0.417500 -2.464387
0.420000 -2.390483
0.422500 -2.578876
0.425000 -2.693712
0.427500 -2.564979
0.430000 -2.517521
0.432500 -2.398804
0.435000 -2.491057
0.437500 -2.724144
0.440000 -2.729889
0.442500 -2.816367
0.445000 -2.971331
0.447500 -2.954285
0.450000 -2.965403
0.452500 -3.152432
0.455000 -2.995185
0.457500 -3.208447
0.460000 -3.088343
0.462500 -3.116215
0.465000 -2.968091
0.467500 -2.757024
0.470000 -2.622023
0.472500 -2.647676
0.475000 -2.666863
0.477500 -2.584890
0.480000 -2.358455
0.482500 -2.527385
0.485000 -2.607250
0.487500 -2.626817
0.490000 -2.666674
0.492500 -2.808765
0.495000 -2.867696
0.497500 -2.655629
0.500000 -2.576890
0.502500 -2.658789
0.505000 -2.802884
0.507500 -2.554209
0.510000 -2.430148
0.512500 -2.751768
0.515000 -2.594678
0.517500 -2.632431
0.520000 -2.660691
0.522500 -2.557034
0.525000 -2.517108
0.527500 -2.373180
0.530000 -2.001167
0.532500 -1.924424
0.535000 -1.905356
0.537500 -1.946036
0.540000 -1.841997
0.542500 -1.725904
0.545000 -1.706884
0.547500 -1.941224
0.550000 -1.853080
0.552500 -1.487849
0.555000 -1.357272
0.557500 -1.329292
0.560000 -1.252502
0.562500 -1.298940
0.565000 -1.248121
0.567500 -0.989821
0.570000 -0.991620
0.572500 -1.151043
0.575000 -1.040777
0.577500 -1.125494
0.580000 -1.061498
0.582500 -0.933534
0.585000 -0.863466
0.587500 -1.059601
0.590000 -1.265754
0.592500 -1.179691
0.595000 -1.100886
0.597500 -1.037328
0.600000 -0.947655
0.602500 -1.062626
0.605000 -0.938783
0.607500 -1.046766
0.610000 -0.961524
0.612500 -0.627666
0.615000 -0.700633
0.617500 -0.779562
0.620000 -0.776976
0.622500 -0.802496
0.625000 -0.798385
0.627500 -0.802458
0.630000 -0.926395
0.632500 -0.917933
0.635000 -0.955459
0.637500 -0.808746
0.640000 -0.770516
0.642500 -0.554321
0.645000 -0.667694
0.647500 -0.801817
0.650000 -0.592169
0.652500 -0.725476
0.655000 -0.607662
0.657500 -0.844095
0.660000 -0.984608
0.662500 -1.063791
0.665000 -1.425548
0.667500 -1.116521
0.670000 -1.130879
0.672500 -1.260449
0.675000 -1.436655
0.677500 -1.375746
0.680000 -1.321032
0.682500 -1.493791
0.685000 -1.555060
0.687500 -1.551928
0.690000 -1.719070
0.692500 -1.578429
0.695000 -1.884621
0.697500 -1.756877
0.700000 -1.666665
0.702500 -2.066477
0.705000 -1.986184
0.707500 -2.046692
0.710000 -2.259881
0.712500 -2.399993
0.715000 -2.417016
0.717500 -2.319519
0.720000 -2.541389
0.722500 -2.703159
0.725000 -2.806153
0.727500 -2.866578
0.730000 -2.515330
0.732500 -2.319630
0.735000 -2.054960
0.737500 -1.640858
0.740000 -1.723736
0.742500 -1.680130
0.745000 -1.669602
0.747500 -1.464480
0.750000 -1.353342
0.752500 -1.592064
0.755000 -1.164741
0.757500 -1.233024
0.760000 -1.260943
0.762500 -1.455662
0.765000 -1.798526
0.767500 -1.458443
0.770000 -0.999915
0.772500 -1.061163
0.775000 -0.595384
0.777500 -0.555529
0.780000 -0.511551
0.782500 -0.523169
0.785000 -0.312098
0.787500 -0.516282
0.790000 -0.579079
0.792500 -0.379857
0.795000 -0.312890
0.797500 -0.152400
0.800000 -0.420391
0.802500 -0.425222
0.805000 -0.249219
0.807500 -0.543390
0.810000 -0.588673
0.812500 -0.841375
0.815000 -0.856776
0.817500 -0.958655
0.820000 -0.712359
0.822500 -0.720413
0.825000 -1.058641
0.827500 -1.173523
0.830000 -1.244239
0.832500 -1.412617
0.835000 -1.215998
0.837500 -1.322410
0.840000 -1.239445
0.842500 -1.305089
0.845000 -1.449498
0.847500 -1.545581
0.850000 -1.626352
0.852500 -1.708479
0.855000 -1.600680
0.857500 -1.561022
0.860000 -1.649259
0.862500 -1.829259
0.865000 -1.905618
0.867500 -2.006596
0.870000 -1.991324
0.872500 -1.773486
0.875000 -1.766474
0.877500 -1.865880
0.880000 -1.875195
0.882500 -1.265653
0.885000 -1.236173
0.887500 -1.267112
0.890000 -1.480911
0.892500 -1.334650
0.895000 -1.055048
0.897500 -1.277538
0.900000 -1.349882
0.902500 -1.275121
0.905000 -1.191673
0.907500 -1.199194
0.910000 -0.875693
0.912500 -1.060613
0.915000 -1.188184
0.917500 -1.091546
0.920000 -1.071171
0.922500 -0.814777
0.925000 -0.493373
0.927500 -0.624725
0.930000 -0.499343
0.932500 -0.335357
0.935000 -0.203054
0.937500 -0.270166
0.940000 -0.161476
0.942500 -0.390645
0.945000 -0.713043
0.947500 -0.717702
0.950000 -0.492565
0.952500 -0.675156
0.955000 -0.492583
0.957500 -0.631552
0.960000 -0.528961
0.962500 -0.277051
0.965000 -0.093744
0.967500 -0.040128
0.970000 0.288400
0.972500 0.415850
0.975000 0.536257
0.977500 0.376687
0.980000 0.334857
0.982500 0.498311
0.985000 0.621820
0.987500 0.593365
0.990000 0.729454
0.992500 0.696617
0.995000 0.663584
0.997500 0.341303
1.000000 0.054991
nan nan
0.000000 -1.079031
0.002500 -1.100305
0.005000 -1.095448
0.007500 -1.087660
0.010000 -1.085553
0.012500 -1.108900
0.015000 -1.107643
0.017500 -1.088226
0.020000 -1.150505
0.022500 -1.154559
0.025000 -1.151595
0.027500 -1.144892
0.030000 -1.162497
0.032500 -1.156351
0.035000 -1.053108
0.037500 -1.155329
0.040000 -1.181471
0.042500 -1.274199
0.045000 -1.326118
0.047500 -1.371437
0.050000 -1.427824
0.052500 -1.433200
0.055000 -1.554468
0.057500 -1.554634
0.060000 -1.532518
0.062500 -1.516702
0.065000 -1.504880
0.067500 -1.426448
0.070000 -1.354707
0.072500 -1.337153
0.075000 -1.395270
0.077500 -1.406140
0.080000 -1.366472
0.082500 -1.330246
0.085000 -1.335908
0.087500 -1.254741
0.090000 -1.342335
0.092500 -1.425326
0.095000 -1.232213
0.097500 -1.222833
0.100000 -1.178882
0.102500 -1.284643
0.105000 -1.277041
0.107500 -1.278804
0.110000 -1.186488
0.112500 -1.214829
0.115000 -1.055879
0.117500 -1.021868
0.120000 -1.079806
0.122500 -1.097486
0.125000 -1.255730
0.127500 -1.229460
0.130000 -1.226110
0.132500 -1.276477
0.135000 -1.349228
0.137500 -1.469128
0.140000 -1.401291
0.142500 -1.413166
0.145000 -1.263423
0.147500 -1.190421
0.150000 -1.123633
0.152500 -1.055304
0.155000 -1.063455
0.157500 -0.989973
0.160000 -1.025268
0.162500 -1.130248
0.165000 -1.293875
0.167500 -1.371413
0.170000 -1.353084
0.172500 -1.324293
0.175000 -1.266523
0.177500 -1.373534
0.180000 -1.296218
0.182500 -1.130490
0.185000 -1.233473
0.187500 -1.183267
0.190000 -1.113244
0.192500 -1.209468
0.195000 -1.049741
0.197500 -0.917011
0.200000 -1.003238
0.202500 -0.849685
0.205000 -0.783173
0.207500 -0.772950
0.210000 -0.828263
0.212500 -0.808251
0.215000 -0.908799
0.217500 -0.878533
0.220000 -0.840016
0.222500 -0.900200
0.225000 -0.959613
0.227500 -1.029097
0.230000 -1.085576
0.232500 -1.009073
0.235000 -1.126577
0.237500 -0.918303
0.240000 -0.940157
0.242500 -0.957923
0.245000 -0.980796
0.247500 -0.833890
0.250000 -0.744518
0.252500 -0.624603
0.255000 -0.550701
0.257500 -0.481496
0.260000 -0.498250
0.262500 -0.525345
0.265000 -0.492806
0.267500 -0.419149
0.270000 -0.456953
0.272500 -0.360247
0.275000 -0.344144
0.277500 -0.306229
0.280000 -0.273408
0.282500 -0.106994
0.285000 -0.330141
0.287500 -0.339305
0.290000 -0.229884
0.292500 -0.280465
0.295000 -0.235563
0.297500 -0.084241
0.300000 -0.220481
0.302500 -0.047242
0.305000 -0.181209
0.307500 -0.570085
0.310000 -0.518271
0.312500 -0.205651
0.315000 -0.179970
0.317500 -0.254090
0.320000 -0.319178
0.322500 -0.484946
0.325000 -0.431528
0.327500 -0.325340
0.330000 -0.223740
0.332500 -0.203356
0.335000 -0.312213
0.337500 -0.193892
0.340000 -0.122004
0.342500 -0.048514
0.345000 -0.349131
0.347500 -0.268611
0.350000 -0.363059
0.352500 -0.407396
0.355000 -0.238081
0.357500 -0.376068
0.360000 -0.493938
0.362500 -0.530158
0.365000 -0.627184
0.367500 -0.673571
0.370000 -0.617705
0.372500 -0.648633
0.375000 -0.687782
0.377500 -0.625448
0.380000 -0.758346
0.382500 -0.853720
0.385000 -1.055457
0.387500 -1.115993
0.390000 -1.071298
0.392500 -0.873590
0.395000 -0.865021
0.397500 -0.804604
0.400000 -0.712669
0.402500 -0.599112
0.405000 -0.761621
0.407500 -1.008047
0.410000 -1.210323
0.412500 -1.378172
0.415000 -1.483378
0.417500 -1.560981
0.420000 -1.631573
0.422500 -1.596414
0.425000 -1.518182
0.427500 -1.631763
0.430000 -1.410093
0.432500 -1.547580
0.435000 -1.312222
0.437500 -1.420285
0.440000 -1.577059
0.442500 -1.292911
0.445000 -1.142467
0.447500 -1.186347
0.450000 -1.151073
0.452500 -1.018273
0.455000 -0.936078
0.457500 -1.046258
0.460000 -1.027323
0.462500 -1.014913
0.465000 -1.161613
0.467500 -1.178818
0.470000 -1.225517
0.472500 -1.257716
0.475000 -1.395053
0.477500 -1.194170
0.480000 -1.400155
0.482500 -1.536839
0.485000 -1.980461
0.487500 -1.760191
0.490000 -1.759169
0.492500 -1.505978
0.495000 -1.476684
0.497500 -1.354653
0.500000 -1.177849
0.502500 -1.146770
0.505000 -0.796814
0.507500 -0.909504
0.510000 -0.866578
0.512500 -0.901634
0.515000 -1.025195
0.517500 -1.103881
0.520000 -0.834545
0.522500 -1.053049
0.525000 -1.116509
0.527500 -1.188056
0.530000 -0.988717
0.532500 -0.911058
0.535000 -0.924058
0.537500 -1.288655
0.540000 -1.371847
0.542500 -1.220267
0.545000 -1.177002
0.547500 -1.163378
0.550000 -0.971474
0.552500 -1.055584
0.555000 -0.908136
0.557500 -1.005075
0.560000 -1.151640
0.562500 -1.208918
0.565000 -1.323422
0.567500 -1.315961
0.570000 -1.326932
0.572500 -0.968154
0.575000 -0.874143
0.577500 -0.777001
0.580000 -0.809841
0.582500 -0.897161
0.585000 -0.776289
0.587500 -1.090365
0.590000 -1.409583
0.592500 -1.399633
0.595000 -1.483690
0.597500 -1.389015
0.600000 -1.548857
0.602500 -1.472897
0.605000 -1.451071
0.607500 -1.204760
0.610000 -1.165478
0.612500 -0.948184
0.615000 -0.950360
0.617500 -1.030597
0.620000 -1.137618
0.622500 -1.006177
0.625000 -0.873771
0.627500 -0.600722
0.630000 -0.617223
0.632500 -0.478068
0.635000 -0.342838
0.637500 0.164874
0.640000 -0.105402
0.642500 -0.109852
0.645000 -0.050014
0.647500 0.055534
0.650000 0.294503
0.652500 0.269673
0.655000 0.183530
0.657500 0.173922
0.660000 0.243292
0.662500 -0.080827
0.665000 -0.127659
0.667500 -0.097108
0.670000 -0.146101
0.672500 0.218177
0.675000 0.314999
0.677500 0.336889
0.680000 0.378204
0.682500 0.120719
0.685000 0.125037
0.687500 0.176548
0.690000 -0.123419
0.692500 -0.350490
0.695000 -0.580736
0.697500 -0.848861
0.700000 -1.021067
0.702500 -0.979911
0.705000 -0.819282
0.707500 -0.634703
0.710000 -0.347844
0.712500 -0.021631
0.715000 -0.003389
0.717500 -0.000970
0.720000 -0.134587
0.722500 -0.165726
0.725000 -0.489577
0.727500 -0.471368
0.730000 -0.315905
0.732500 -0.334202
0.735000 -0.302893
0.737500 -0.022860
0.740000 0.016344
0.742500 -0.061306
0.745000 -0.199684
0.747500 -0.081122
0.750000 -0.018253
0.752500 0.070807
0.755000 0.270730
0.757500 0.279062
0.760000 0.510176
0.762500 0.395070
0.765000 0.375611
0.767500 0.379867
0.770000 0.451648
0.772500 0.565941
0.775000 0.414793
0.777500 0.636194
0.780000 0.631527
0.782500 0.665384
0.785000 0.842594
0.787500 1.351035
0.790000 1.488677
0.792500 1.388907
0.795000 1.441766
0.797500 1.512679
0.800000 1.656898
0.802500 1.071459
0.805000 1.331044
0.807500 1.509007
0.810000 1.377037
0.812500 1.726867
0.815000 1.558089
0.817500 1.668775
0.820000 1.273058
0.822500 1.357202
0.825000 1.226338
0.827500 0.930066
0.830000 0.753204
0.832500 0.475736
0.835000 0.291979
0.837500 0.049288
0.840000 -0.006881
0.842500 0.127579
0.845000 0.195489
0.847500 0.403022
0.850000 0.142816
0.852500 0.343930
0.855000 0.229608
0.857500 0.256103
0.860000 0.109637
0.862500 0.033024
0.865000 0.029350
0.867500 -0.113120
0.870000 -0.293444
0.872500 -0.120825
0.875000 -0.108020
0.877500 -0.086304
0.880000 0.038699
0.882500 0.187869
0.885000 0.038079
0.887500 -0.108249
0.890000 0.169187
0.892500 0.458241
0.895000 0.641594
0.897500 0.771524
0.900000 0.654158
0.902500 0.771668
0.905000 0.584410
0.907500 0.495367
0.910000 0.230513
0.912500 0.331288
0.915000 0.415825
0.917500 0.351536
0.920000 0.273932
0.922500 0.214763
0.925000 0.104874
0.927500 -0.486408
0.930000 -0.480240
0.932500 -0.382679
0.935000 -0.205462
0.937500 -0.331940
0.940000 -0.259978
0.942500 -0.001514
0.945000 0.077330
0.947500 0.484181
0.950000 0.675745
0.952500 0.524656
0.955000 0.530001
0.957500 0.624380
0.960000 0.821282
0.962500 0.843791
0.965000 0.260248
0.967500 0.474115
0.970000 0.288728
0.972500 0.329433
0.975000 0.361557
0.977500 0.601520
0.980000 0.393387
0.982500 0.523242
0.985000 0.149014
0.987500 0.158285
0.990000 -0.138609
0.992500 -0.434367
0.995000 -0.321618
0.997500 -0.494882
1.000000 -0.451850
