tt x
0.500762 -3.200000
0.500813 -3.180000
0.500867 -3.160000
0.500924 -3.140000
0.500985 -3.120000
0.501049 -3.100000
0.501116 -3.080000
0.501188 -3.060000
0.501264 -3.040000
0.501343 -3.020000
0.501428 -3.000000
0.501517 -2.980000
0.501611 -2.960000
0.501710 -2.940000
0.501814 -2.920000
0.501924 -2.900000
0.502040 -2.880000
0.502161 -2.860000
0.502289 -2.840000
0.502424 -2.820000
0.502566 -2.800000
0.502714 -2.780000
0.502870 -2.760000
0.503034 -2.740000
0.503206 -2.720000
0.503386 -2.700000
0.503575 -2.680000
0.503772 -2.660000
0.503979 -2.640000
0.504196 -2.620000
0.504423 -2.600000
0.504660 -2.580000
0.504907 -2.560000
0.505166 -2.540000
0.505436 -2.520000
0.505717 -2.500000
0.506011 -2.480000
0.506318 -2.460000
0.506637 -2.440000
0.506969 -2.420000
0.507315 -2.400000
0.507676 -2.380000
0.508050 -2.360000
0.508440 -2.340000
0.508844 -2.320000
0.509264 -2.300000
0.509701 -2.280000
0.510153 -2.260000
0.510623 -2.240000
0.511109 -2.220000
0.511613 -2.200000
0.512135 -2.180000
0.512675 -2.160000
0.513234 -2.140000
0.513811 -2.120000
0.514409 -2.100000
0.515025 -2.080000
0.515662 -2.060000
0.516319 -2.040000
0.516997 -2.020000
0.517695 -2.000000
0.518415 -1.980000
0.519156 -1.960000
0.519919 -1.940000
0.520704 -1.920000
0.521512 -1.900000
0.522341 -1.880000
0.523193 -1.860000
0.524068 -1.840000
0.524966 -1.820000
0.525886 -1.800000
0.526830 -1.780000
0.527796 -1.760000
0.528786 -1.740000
0.529799 -1.720000
0.530836 -1.700000
0.531895 -1.680000
0.532977 -1.660000
0.534083 -1.640000
0.535211 -1.620000
0.536361 -1.600000
0.537534 -1.580000
0.538730 -1.560000
0.539947 -1.540000
0.541186 -1.520000
0.542446 -1.500000
0.543727 -1.480000
0.545029 -1.460000
0.546350 -1.440000
0.547691 -1.420000
0.549051 -1.400000
0.550430 -1.380000
0.551827 -1.360000
0.553240 -1.340000
0.554671 -1.320000
0.556117 -1.300000
0.557578 -1.280000
0.559054 -1.260000
0.560543 -1.240000
0.562044 -1.220000
0.563558 -1.200000
0.565082 -1.180000
0.566616 -1.160000
0.568159 -1.140000
0.569710 -1.120000
0.571267 -1.100000
0.572830 -1.080000
0.574397 -1.060000
0.575968 -1.040000
0.577541 -1.020000
0.579115 -1.000000
0.580688 -0.980000
0.582260 -0.960000
0.583829 -0.940000
0.585394 -0.920000
0.586953 -0.900000
0.588505 -0.880000
0.590049 -0.860000
0.591584 -0.840000
0.593107 -0.820000
0.594618 -0.800000
0.596115 -0.780000
0.597597 -0.760000
0.599062 -0.740000
0.600510 -0.720000
0.601937 -0.700000
0.603344 -0.680000
0.604729 -0.660000
0.606089 -0.640000
0.607425 -0.620000
0.608734 -0.600000
0.610016 -0.580000
0.611268 -0.560000
0.612490 -0.540000
0.613679 -0.520000
0.614836 -0.500000
0.615959 -0.480000
0.617046 -0.460000
0.618096 -0.440000
0.619108 -0.420000
0.620081 -0.400000
0.621014 -0.380000
0.621906 -0.360000
0.622756 -0.340000
0.623562 -0.320000
0.624324 -0.300000
0.625042 -0.280000
0.625714 -0.260000
0.626339 -0.240000
0.626917 -0.220000
0.627446 -0.200000
0.627928 -0.180000
0.628360 -0.160000
0.628742 -0.140000
0.629075 -0.120000
0.629357 -0.100000
0.629588 -0.080000
0.629768 -0.060000
0.629897 -0.040000
0.629974 -0.020000
0.630000 0.000000
0.629974 0.020000
0.629897 0.040000
0.629768 0.060000
0.629588 0.080000
0.629357 0.100000
0.629075 0.120000
0.628742 0.140000
0.628360 0.160000
0.627928 0.180000
0.627446 0.200000
0.626917 0.220000
0.626339 0.240000
0.625714 0.260000
0.625042 0.280000
0.624324 0.300000
0.623562 0.320000
0.622756 0.340000
0.621906 0.360000
0.621014 0.380000
0.620081 0.400000
0.619108 0.420000
0.618096 0.440000
0.617046 0.460000
0.615959 0.480000
0.614836 0.500000
0.613679 0.520000
0.612490 0.540000
0.611268 0.560000
0.610016 0.580000
0.608734 0.600000
0.607425 0.620000
0.606089 0.640000
0.604729 0.660000
0.603344 0.680000
0.601937 0.700000
0.600510 0.720000
0.599062 0.740000
0.597597 0.760000
0.596115 0.780000
0.594618 0.800000
0.593107 0.820000
0.591584 0.840000
0.590049 0.860000
0.588505 0.880000
0.586953 0.900000
0.585394 0.920000
0.583829 0.940000
0.582260 0.960000
0.580688 0.980000
0.579115 1.000000
0.577541 1.020000
0.575968 1.040000
0.574397 1.060000
0.572830 1.080000
0.571267 1.100000
0.569710 1.120000
0.568159 1.140000
0.566616 1.160000
0.565082 1.180000
0.563558 1.200000
0.562044 1.220000
0.560543 1.240000
0.559054 1.260000
0.557578 1.280000
0.556117 1.300000
0.554671 1.320000
0.553240 1.340000
0.551827 1.360000
0.550430 1.380000
0.549051 1.400000
0.547691 1.420000
0.546350 1.440000
0.545029 1.460000
0.543727 1.480000
0.542446 1.500000
0.541186 1.520000
0.539947 1.540000
0.538730 1.560000
0.537534 1.580000
0.536361 1.600000
0.535211 1.620000
0.534083 1.640000
0.532977 1.660000
0.531895 1.680000
0.530836 1.700000
0.529799 1.720000
0.528786 1.740000
0.527796 1.760000
0.526830 1.780000
0.525886 1.800000
0.524966 1.820000
0.524068 1.840000
0.523193 1.860000
0.522341 1.880000
0.521512 1.900000
0.520704 1.920000
0.519919 1.940000
0.519156 1.960000
0.518415 1.980000
0.517695 2.000000
0.516997 2.020000
0.516319 2.040000
0.515662 2.060000
0.515025 2.080000
0.514409 2.100000
0.513811 2.120000
0.513234 2.140000
0.512675 2.160000
0.512135 2.180000
0.511613 2.200000
0.511109 2.220000
0.510623 2.240000
0.510153 2.260000
0.509701 2.280000
0.509264 2.300000
0.508844 2.320000
0.508440 2.340000
0.508050 2.360000
0.507676 2.380000
0.507315 2.400000
0.506969 2.420000
0.506637 2.440000
0.506318 2.460000
0.506011 2.480000
0.505717 2.500000
0.505436 2.520000
0.505166 2.540000
0.504907 2.560000
0.504660 2.580000
0.504423 2.600000
0.504196 2.620000
0.503979 2.640000
0.503772 2.660000
0.503575 2.680000
0.503386 2.700000
0.503206 2.720000
0.503034 2.740000
0.502870 2.760000
0.502714 2.780000
0.502566 2.800000
0.502424 2.820000
0.502289 2.840000
0.502161 2.860000
0.502040 2.880000
0.501924 2.900000
0.501814 2.920000
0.501710 2.940000
0.501611 2.960000
0.501517 2.980000
0.501428 3.000000
0.501343 3.020000
0.501264 3.040000
0.501188 3.060000
0.501116 3.080000
0.501049 3.100000
0.500985 3.120000
0.500924 3.140000
0.500867 3.160000
0.500813 3.180000
0.500762 3.200000
