t qv
0.000000 0.000000
0.000244 0.001479
0.000488 0.002051
0.000732 0.002058
0.000977 0.002308
0.001221 0.002554
0.001465 0.003223
0.001709 0.003456
0.001953 0.003459
0.002197 0.003627
0.002441 0.003746
0.002686 0.003765
0.002930 0.003773
0.003174 0.004059
0.003418 0.004792
0.003662 0.005054
0.003906 0.005070
0.004150 0.005147
0.004395 0.005181
0.004639 0.006514
0.004883 0.007332
0.005127 0.007665
0.005371 0.007719
0.005615 0.007734
0.005859 0.008217
0.006104 0.008229
0.006348 0.008423
0.006592 0.008930
0.006836 0.009022
0.007080 0.010015
0.007324 0.010398
0.007568 0.010411
0.007812 0.010422
0.008057 0.010551
0.008301 0.010571
0.008545 0.010755
0.008789 0.010999
0.009033 0.011011
0.009277 0.011079
0.009521 0.011184
0.009766 0.011413
0.010010 0.011433
0.010254 0.011520
0.010498 0.011606
0.010742 0.011722
0.010986 0.012002
0.011230 0.012080
0.011475 0.012098
0.011719 0.012750
0.011963 0.013047
0.012207 0.013319
0.012451 0.013319
0.012695 0.013351
0.012939 0.013351
0.013184 0.013566
0.013428 0.013809
0.013672 0.014274
0.013916 0.014529
0.014160 0.014542
0.014404 0.014554
0.014648 0.014621
0.014893 0.015329
0.015137 0.015488
0.015381 0.015489
0.015625 0.015608
0.015869 0.015975
0.016113 0.016001
0.016357 0.016309
0.016602 0.016589
0.016846 0.016823
0.017090 0.016930
0.017334 0.016981
0.017578 0.017428
0.017822 0.017538
0.018066 0.018168
0.018311 0.018202
0.018555 0.018271
0.018799 0.018863
0.019043 0.019090
0.019287 0.019090
0.019531 0.019172
0.019775 0.019437
0.020020 0.019446
0.020264 0.019869
0.020508 0.019935
0.020752 0.019966
0.020996 0.020115
0.021240 0.020391
0.021484 0.020421
0.021729 0.021064
0.021973 0.021102
0.022217 0.021386
0.022461 0.021387
0.022705 0.021395
0.022949 0.021489
0.023193 0.021606
0.023438 0.021697
0.023682 0.022176
0.023926 0.022304
0.024170 0.022621
0.024414 0.022719
0.024658 0.023106
0.024902 0.023108
0.025146 0.023160
0.025391 0.023354
0.025635 0.023356
0.025879 0.023587
0.026123 0.023701
0.026367 0.023808
0.026611 0.023808
0.026855 0.023828
0.027100 0.023924
0.027344 0.023959
0.027588 0.024387
0.027832 0.024410
0.028076 0.024658
0.028320 0.024699
0.028564 0.024722
0.028809 0.024912
0.029053 0.024976
0.029297 0.024979
0.029541 0.024995
0.029785 0.025079
0.030029 0.025252
0.030273 0.025313
0.030518 0.025360
0.030762 0.025375
0.031006 0.026246
0.031250 0.026941
0.031494 0.029426
0.031738 0.029442
0.031982 0.029454
0.032227 0.029531
0.032471 0.029608
0.032715 0.029639
0.032959 0.029748
0.033203 0.029749
0.033447 0.029751
0.033691 0.029961
0.033936 0.030429
0.034180 0.030659
0.034424 0.030707
0.034668 0.031817
0.034912 0.033238
0.035156 0.033592
0.035400 0.033920
0.035645 0.034012
0.035889 0.034041
0.036133 0.034674
0.036377 0.034723
0.036621 0.034941
0.036865 0.034988
0.037109 0.035698
0.037354 0.036302
0.037598 0.037218
0.037842 0.037756
0.038086 0.038346
0.038330 0.038503
0.038574 0.038681
0.038818 0.038688
0.039062 0.038798
0.039307 0.039352
0.039551 0.039456
0.039795 0.039489
0.040039 0.039895
0.040283 0.039895
0.040527 0.040139
0.040771 0.040205
0.041016 0.040338
0.041260 0.040338
0.041504 0.040340
0.041748 0.040357
0.041992 0.040505
0.042236 0.040960
0.042480 0.041306
0.042725 0.041958
0.042969 0.042018
0.043213 0.042129
0.043457 0.042589
0.043701 0.042731
0.043945 0.043448
0.044189 0.043507
0.044434 0.043613
0.044678 0.043849
0.044922 0.044054
0.045166 0.044177
0.045410 0.044214
0.045654 0.044233
0.045898 0.044437
0.046143 0.044476
0.046387 0.045278
0.046631 0.045545
0.046875 0.045661
0.047119 0.045718
0.047363 0.046197
0.047607 0.046283
0.047852 0.046421
0.048096 0.048912
0.048340 0.049052
0.048584 0.049712
0.048828 0.049720
0.049072 0.049721
0.049316 0.049910
0.049561 0.051326
0.049805 0.051629
0.050049 0.051631
0.050293 0.051685
0.050537 0.051804
0.050781 0.051929
0.051025 0.052537
0.051270 0.053114
0.051514 0.053220
0.051758 0.053230
0.052002 0.053410
0.052246 0.054046
0.052490 0.054249
0.052734 0.054323
0.052979 0.054499
0.053223 0.054547
0.053467 0.054555
0.053711 0.054806
0.053955 0.054815
0.054199 0.054871
0.054443 0.055065
0.054688 0.055815
0.054932 0.055818
0.055176 0.056128
0.055420 0.057526
0.055664 0.057626
0.055908 0.057697
0.056152 0.057700
0.056396 0.057708
0.056641 0.057710
0.056885 0.057728
0.057129 0.058279
0.057373 0.058403
0.057617 0.058405
0.057861 0.058411
0.058105 0.058421
0.058350 0.058468
0.058594 0.059281
0.058838 0.059509
0.059082 0.059617
0.059326 0.059621
0.059570 0.059630
0.059814 0.060603
0.060059 0.060638
0.060303 0.060651
0.060547 0.061238
0.060791 0.062064
0.061035 0.062066
0.061279 0.062069
0.061523 0.062169
0.061768 0.062171
0.062012 0.062200
0.062256 0.062569
0.062500 0.062727
0.062744 0.062771
0.062988 0.062838
0.063232 0.062927
0.063477 0.062955
0.063721 0.063199
0.063965 0.063274
0.064209 0.063358
0.064453 0.063359
0.064697 0.063566
0.064941 0.063627
0.065186 0.063656
0.065430 0.064280
0.065674 0.064331
0.065918 0.064444
0.066162 0.065247
0.066406 0.065676
0.066650 0.066202
0.066895 0.066498
0.067139 0.066582
0.067383 0.067134
0.067627 0.067820
0.067871 0.068225
0.068115 0.069229
0.068359 0.069236
0.068604 0.069240
0.068848 0.069306
0.069092 0.069413
0.069336 0.069539
0.069580 0.069659
0.069824 0.069770
0.070068 0.069940
0.070312 0.069944
0.070557 0.069973
0.070801 0.070595
0.071045 0.070822
0.071289 0.071142
0.071533 0.071202
0.071777 0.071338
0.072021 0.071476
0.072266 0.071558
0.072510 0.071677
0.072754 0.072187
0.072998 0.072296
0.073242 0.072559
0.073486 0.073144
0.073730 0.073346
0.073975 0.073670
0.074219 0.074185
0.074463 0.074784
0.074707 0.075603
0.074951 0.076079
0.075195 0.076121
0.075439 0.076141
0.075684 0.076308
0.075928 0.078438
0.076172 0.078532
0.076416 0.078566
0.076660 0.078620
0.076904 0.078810
0.077148 0.080188
0.077393 0.080189
0.077637 0.080189
0.077881 0.080276
0.078125 0.080590
0.078369 0.080729
0.078613 0.080877
0.078857 0.080999
0.079102 0.081141
0.079346 0.081285
0.079590 0.081293
0.079834 0.081301
0.080078 0.081305
0.080322 0.081932
0.080566 0.081958
0.080811 0.082311
0.081055 0.082520
0.081299 0.082913
0.081543 0.083430
0.081787 0.084671
0.082031 0.084684
0.082275 0.084766
0.082520 0.084982
0.082764 0.086258
0.083008 0.086301
0.083252 0.086564
0.083496 0.086584
0.083740 0.086603
0.083984 0.087207
0.084229 0.087229
0.084473 0.087617
0.084717 0.087677
0.084961 0.088503
0.085205 0.089250
0.085449 0.089251
0.085693 0.089588
0.085938 0.089605
0.086182 0.089617
0.086426 0.089810
0.086670 0.089816
0.086914 0.089883
0.087158 0.089895
0.087402 0.090152
0.087646 0.090162
0.087891 0.090571
0.088135 0.090576
0.088379 0.090780
0.088623 0.090806
0.088867 0.091554
0.089111 0.091943
0.089355 0.092062
0.089600 0.092299
0.089844 0.092309
0.090088 0.094420
0.090332 0.094451
0.090576 0.094458
0.090820 0.094640
0.091064 0.094646
0.091309 0.094758
0.091553 0.095569
0.091797 0.095569
0.092041 0.096165
0.092285 0.097506
0.092529 0.097512
0.092773 0.097716
0.093018 0.098032
0.093262 0.098035
0.093506 0.098138
0.093750 0.098255
0.093994 0.098259
0.094238 0.098261
0.094482 0.098354
0.094727 0.098358
0.094971 0.099363
0.095215 0.099370
0.095459 0.099434
0.095703 0.099711
0.095947 0.099940
0.096191 0.100037
0.096436 0.100667
0.096680 0.101071
0.096924 0.101108
0.097168 0.101200
0.097412 0.101233
0.097656 0.101395
0.097900 0.101823
0.098145 0.101959
0.098389 0.103596
0.098633 0.105369
0.098877 0.105522
0.099121 0.105527
0.099365 0.105547
0.099609 0.106012
0.099854 0.106013
0.100098 0.106164
0.100342 0.106165
0.100586 0.106186
0.100830 0.107264
0.101074 0.107433
0.101318 0.107461
0.101562 0.107496
0.101807 0.108137
0.102051 0.108431
0.102295 0.108979
0.102539 0.109202
0.102783 0.109225
0.103027 0.109310
0.103271 0.109367
0.103516 0.109370
0.103760 0.109639
0.104004 0.109657
0.104248 0.109720
0.104492 0.109721
0.104736 0.109728
0.104980 0.109769
0.105225 0.109771
0.105469 0.110240
0.105713 0.110612
0.105957 0.110675
0.106201 0.110732
0.106445 0.110780
0.106689 0.110969
0.106934 0.111080
0.107178 0.111204
0.107422 0.111360
0.107666 0.111439
0.107910 0.111448
0.108154 0.111593
0.108398 0.111843
0.108643 0.112043
0.108887 0.112068
0.109131 0.112093
0.109375 0.113030
0.109619 0.113181
0.109863 0.113187
0.110107 0.113450
0.110352 0.113821
0.110596 0.113828
0.110840 0.114122
0.111084 0.114188
0.111328 0.114441
0.111572 0.114596
0.111816 0.114706
0.112061 0.114977
0.112305 0.115165
0.112549 0.115435
0.112793 0.115695
0.113037 0.115723
0.113281 0.116897
0.113525 0.117586
0.113770 0.117850
0.114014 0.117957
0.114258 0.118073
0.114502 0.118128
0.114746 0.118597
0.114990 0.118979
0.115234 0.119104
0.115479 0.119510
0.115723 0.119543
0.115967 0.120001
0.116211 0.120004
0.116455 0.120099
0.116699 0.120449
0.116943 0.121368
0.117188 0.121499
0.117432 0.121785
0.117676 0.121906
0.117920 0.122033
0.118164 0.122035
0.118408 0.122035
0.118652 0.122064
0.118896 0.122210
0.119141 0.122211
0.119385 0.122943
0.119629 0.122945
0.119873 0.123265
0.120117 0.123277
0.120361 0.123292
0.120605 0.123294
0.120850 0.123556
0.121094 0.123557
0.121338 0.123622
0.121582 0.124303
0.121826 0.124440
0.122070 0.124444
0.122314 0.124444
0.122559 0.124482
0.122803 0.124484
0.123047 0.124709
0.123291 0.125485
0.123535 0.125866
0.123779 0.127103
0.124023 0.127328
0.124268 0.127328
0.124512 0.127430
0.124756 0.128547
0.125000 0.128668
0.125244 0.129015
0.125488 0.129132
0.125732 0.129185
0.125977 0.129761
0.126221 0.129956
0.126465 0.130783
0.126709 0.131153
0.126953 0.131714
0.127197 0.131997
0.127441 0.132046
0.127686 0.132335
0.127930 0.132986
0.128174 0.133150
0.128418 0.133829
0.128662 0.135492
0.128906 0.135599
0.129150 0.135780
0.129395 0.135908
0.129639 0.135913
0.129883 0.135939
0.130127 0.136003
0.130371 0.136230
0.130615 0.136309
0.130859 0.136870
0.131104 0.138296
0.131348 0.138366
0.131592 0.138456
0.131836 0.139181
0.132080 0.139370
0.132324 0.139407
0.132568 0.139528
0.132812 0.140647
0.133057 0.140687
0.133301 0.140827
0.133545 0.140885
0.133789 0.141058
0.134033 0.142048
0.134277 0.142223
0.134521 0.142307
0.134766 0.142607
0.135010 0.143281
0.135254 0.143315
0.135498 0.143335
0.135742 0.143647
0.135986 0.143756
0.136230 0.143794
0.136475 0.144057
0.136719 0.144114
0.136963 0.144332
0.137207 0.144430
0.137451 0.144433
0.137695 0.144847
0.137939 0.145334
0.138184 0.145370
0.138428 0.145755
0.138672 0.146057
0.138916 0.146660
0.139160 0.146702
0.139404 0.146822
0.139648 0.147736
0.139893 0.147869
0.140137 0.147898
0.140381 0.147924
0.140625 0.149323
0.140869 0.149346
0.141113 0.149419
0.141357 0.149665
0.141602 0.149685
0.141846 0.150230
0.142090 0.150783
0.142334 0.150786
0.142578 0.150858
0.142822 0.151463
0.143066 0.151527
0.143311 0.151947
0.143555 0.152063
0.143799 0.152390
0.144043 0.152789
0.144287 0.152908
0.144531 0.153547
0.144775 0.153656
0.145020 0.154790
0.145264 0.154790
0.145508 0.155012
0.145752 0.156007
0.145996 0.156042
0.146240 0.156147
0.146484 0.156539
0.146729 0.156540
0.146973 0.156689
0.147217 0.156785
0.147461 0.157140
0.147705 0.157140
0.147949 0.157637
0.148193 0.157638
0.148438 0.158343
0.148682 0.158356
0.148926 0.158371
0.149170 0.158387
0.149414 0.158393
0.149658 0.158479
0.149902 0.158484
0.150146 0.158609
0.150391 0.158826
0.150635 0.159490
0.150879 0.159732
0.151123 0.159742
0.151367 0.159805
0.151611 0.160341
0.151855 0.160462
0.152100 0.160544
0.152344 0.161582
0.152588 0.162253
0.152832 0.162304
0.153076 0.162743
0.153320 0.162788
0.153564 0.163940
0.153809 0.164253
0.154053 0.164558
0.154297 0.164699
0.154541 0.165026
0.154785 0.165344
0.155029 0.165359
0.155273 0.166282
0.155518 0.166335
0.155762 0.167492
0.156006 0.167546
0.156250 0.168430
0.156494 0.168488
0.156738 0.168679
0.156982 0.168746
0.157227 0.168749
0.157471 0.170438
0.157715 0.171157
0.157959 0.171165
0.158203 0.171218
0.158447 0.171992
0.158691 0.172161
0.158936 0.172215
0.159180 0.172365
0.159424 0.173335
0.159668 0.173452
0.159912 0.173491
0.160156 0.173665
0.160400 0.174046
0.160645 0.174063
0.160889 0.174068
0.161133 0.174248
0.161377 0.174256
0.161621 0.175173
0.161865 0.175287
0.162109 0.175323
0.162354 0.175391
0.162598 0.175474
0.162842 0.175502
0.163086 0.175536
0.163330 0.175712
0.163574 0.176170
0.163818 0.176810
0.164062 0.176814
0.164307 0.177240
0.164551 0.177438
0.164795 0.177571
0.165039 0.178316
0.165283 0.178354
0.165527 0.179597
0.165771 0.180081
0.166016 0.180081
0.166260 0.180203
0.166504 0.180276
0.166748 0.180287
0.166992 0.180555
0.167236 0.180717
0.167480 0.180743
0.167725 0.180885
0.167969 0.181922
0.168213 0.182347
0.168457 0.182359
0.168701 0.182399
0.168945 0.183306
0.169189 0.183534
0.169434 0.183536
0.169678 0.183801
0.169922 0.183801
0.170166 0.183978
0.170410 0.184064
0.170654 0.184675
0.170898 0.185272
0.171143 0.185273
0.171387 0.185418
0.171631 0.185740
0.171875 0.185741
0.172119 0.185744
0.172363 0.185756
0.172607 0.185765
0.172852 0.185825
0.173096 0.185892
0.173340 0.185953
0.173584 0.185963
0.173828 0.186332
0.174072 0.186346
0.174316 0.186410
0.174561 0.186537
0.174805 0.186541
0.175049 0.186661
0.175293 0.186842
0.175537 0.186987
0.175781 0.187489
0.176025 0.187813
0.176270 0.188315
0.176514 0.188677
0.176758 0.188710
0.177002 0.188721
0.177246 0.188734
0.177490 0.188822
0.177734 0.188830
0.177979 0.189082
0.178223 0.189335
0.178467 0.189540
0.178711 0.189611
0.178955 0.189612
0.179199 0.189647
0.179443 0.189649
0.179688 0.189661
0.179932 0.189996
0.180176 0.190046
0.180420 0.190322
0.180664 0.190631
0.180908 0.191082
0.181152 0.191441
0.181396 0.191635
0.181641 0.191641
0.181885 0.191854
0.182129 0.192613
0.182373 0.192745
0.182617 0.194169
0.182861 0.194181
0.183105 0.194210
0.183350 0.194609
0.183594 0.194611
0.183838 0.194613
0.184082 0.194717
0.184326 0.194720
0.184570 0.194746
0.184814 0.194814
0.185059 0.194815
0.185303 0.195178
0.185547 0.195272
0.185791 0.195376
0.186035 0.195732
0.186279 0.196768
0.186523 0.197450
0.186768 0.197506
0.187012 0.197549
0.187256 0.197567
0.187500 0.197616
0.187744 0.197792
0.187988 0.198054
0.188232 0.198055
0.188477 0.198220
0.188721 0.198581
0.188965 0.198705
0.189209 0.198730
0.189453 0.198736
0.189697 0.198745
0.189941 0.198969
0.190186 0.198970
0.190430 0.198970
0.190674 0.199819
0.190918 0.199824
0.191162 0.199842
0.191406 0.199856
0.191650 0.200250
0.191895 0.200313
0.192139 0.200372
0.192383 0.200662
0.192627 0.200990
0.192871 0.201473
0.193115 0.201657
0.193359 0.201703
0.193604 0.201785
0.193848 0.201826
0.194092 0.202447
0.194336 0.202457
0.194580 0.202741
0.194824 0.202751
0.195068 0.204191
0.195312 0.204433
0.195557 0.204465
0.195801 0.204484
0.196045 0.204484
0.196289 0.204511
0.196533 0.204836
0.196777 0.204836
0.197021 0.205471
0.197266 0.205652
0.197510 0.206307
0.197754 0.206619
0.197998 0.206776
0.198242 0.206930
0.198486 0.207002
0.198730 0.207265
0.198975 0.207268
0.199219 0.207401
0.199463 0.207722
0.199707 0.207991
0.199951 0.208044
0.200195 0.208099
0.200439 0.208469
0.200684 0.208489
0.200928 0.208665
0.201172 0.209393
0.201416 0.209402
0.201660 0.209700
0.201904 0.209700
0.202148 0.209924
0.202393 0.209974
0.202637 0.210029
0.202881 0.210218
0.203125 0.210396
0.203369 0.210397
0.203613 0.210457
0.203857 0.210524
0.204102 0.210968
0.204346 0.211139
0.204590 0.211227
0.204834 0.211261
0.205078 0.211847
0.205322 0.212071
0.205566 0.212083
0.205811 0.213199
0.206055 0.213864
0.206299 0.214673
0.206543 0.214807
0.206787 0.215011
0.207031 0.215781
0.207275 0.215856
0.207520 0.216079
0.207764 0.216581
0.208008 0.216587
0.208252 0.217160
0.208496 0.218068
0.208740 0.219171
0.208984 0.219216
0.209229 0.219465
0.209473 0.219488
0.209717 0.219499
0.209961 0.219507
0.210205 0.219714
0.210449 0.219733
0.210693 0.220028
0.210938 0.220066
0.211182 0.220383
0.211426 0.220384
0.211670 0.220490
0.211914 0.221246
0.212158 0.221680
0.212402 0.221681
0.212646 0.222413
0.212891 0.222842
0.213135 0.223280
0.213379 0.223359
0.213623 0.223880
0.213867 0.224041
0.214111 0.224056
0.214355 0.224103
0.214600 0.224113
0.214844 0.224117
0.215088 0.224641
0.215332 0.224667
0.215576 0.224721
0.215820 0.224722
0.216064 0.224740
0.216309 0.224899
0.216553 0.224899
0.216797 0.225390
0.217041 0.225568
0.217285 0.225895
0.217529 0.225931
0.217773 0.226171
0.218018 0.226292
0.218262 0.226388
0.218506 0.226745
0.218750 0.226804
0.218994 0.227017
0.219238 0.227025
0.219482 0.227075
0.219727 0.227084
0.219971 0.227219
0.220215 0.227499
0.220459 0.228877
0.220703 0.230616
0.220947 0.230657
0.221191 0.230659
0.221436 0.230670
0.221680 0.230686
0.221924 0.231227
0.222168 0.231228
0.222412 0.231263
0.222656 0.231267
0.222900 0.231268
0.223145 0.231324
0.223389 0.232641
0.223633 0.233012
0.223877 0.233045
0.224121 0.233435
0.224365 0.233440
0.224609 0.234047
0.224854 0.234047
0.225098 0.234211
0.225342 0.234634
0.225586 0.234711
0.225830 0.234830
0.226074 0.234933
0.226318 0.235047
0.226562 0.235112
0.226807 0.235113
0.227051 0.235760
0.227295 0.236124
0.227539 0.236438
0.227783 0.236444
0.228027 0.236497
0.228271 0.237880
0.228516 0.237939
0.228760 0.238118
0.229004 0.238179
0.229248 0.238183
0.229492 0.238183
0.229736 0.238470
0.229980 0.238705
0.230225 0.238748
0.230469 0.240779
0.230713 0.241000
0.230957 0.241820
0.231201 0.241883
0.231445 0.241886
0.231689 0.242581
0.231934 0.242644
0.232178 0.242976
0.232422 0.243094
0.232666 0.243094
0.232910 0.243118
0.233154 0.243285
0.233398 0.243308
0.233643 0.243325
0.233887 0.243340
0.234131 0.243804
0.234375 0.244803
0.234619 0.245281
0.234863 0.245282
0.235107 0.245283
0.235352 0.246963
0.235596 0.247234
0.235840 0.247293
0.236084 0.247386
0.236328 0.247429
0.236572 0.247448
0.236816 0.247459
0.237061 0.247996
0.237305 0.248157
0.237549 0.248253
0.237793 0.248394
0.238037 0.248492
0.238281 0.248829
0.238525 0.248851
0.238770 0.248909
0.239014 0.248946
0.239258 0.248948
0.239502 0.248980
0.239746 0.248983
0.239990 0.249152
0.240234 0.249193
0.240479 0.249344
0.240723 0.249452
0.240967 0.249485
0.241211 0.249717
0.241455 0.249726
0.241699 0.249727
0.241943 0.250097
0.242188 0.251424
0.242432 0.251571
0.242676 0.251572
0.242920 0.251573
0.243164 0.251993
0.243408 0.251994
0.243652 0.251994
0.243896 0.252037
0.244141 0.252074
0.244385 0.252839
0.244629 0.252907
0.244873 0.253070
0.245117 0.253121
0.245361 0.253503
0.245605 0.253571
0.245850 0.253698
0.246094 0.253793
0.246338 0.254153
0.246582 0.254189
0.246826 0.254319
0.247070 0.254415
0.247314 0.254912
0.247559 0.255178
0.247803 0.255193
0.248047 0.255232
0.248291 0.255431
0.248535 0.255431
0.248779 0.255549
0.249023 0.255708
0.249268 0.256612
0.249512 0.256629
0.249756 0.256660
0.250000 0.256799
0.250244 0.256800
0.250488 0.257000
0.250732 0.257238
0.250977 0.257350
0.251221 0.257513
0.251465 0.257924
0.251709 0.258024
0.251953 0.258177
0.252197 0.258847
0.252441 0.259225
0.252686 0.259252
0.252930 0.259253
0.253174 0.259490
0.253418 0.260601
0.253662 0.260703
0.253906 0.260703
0.254150 0.260921
0.254395 0.260939
0.254639 0.261779
0.254883 0.261801
0.255127 0.262872
0.255371 0.263100
0.255615 0.263345
0.255859 0.263375
0.256104 0.263418
0.256348 0.263730
0.256592 0.263757
0.256836 0.263859
0.257080 0.264091
0.257324 0.264128
0.257568 0.264136
0.257812 0.265338
0.258057 0.265342
0.258301 0.265421
0.258545 0.265493
0.258789 0.265527
0.259033 0.265931
0.259277 0.265932
0.259521 0.266074
0.259766 0.266277
0.260010 0.267382
0.260254 0.267410
0.260498 0.267974
0.260742 0.267981
0.260986 0.268520
0.261230 0.268715
0.261475 0.268895
0.261719 0.269229
0.261963 0.269232
0.262207 0.269305
0.262451 0.269309
0.262695 0.269792
0.262939 0.269794
0.263184 0.269920
0.263428 0.269952
0.263672 0.270122
0.263916 0.270185
0.264160 0.270427
0.264404 0.270435
0.264648 0.270480
0.264893 0.270484
0.265137 0.270975
0.265381 0.271581
0.265625 0.272953
0.265869 0.272953
0.266113 0.273995
0.266357 0.274107
0.266602 0.274618
0.266846 0.275480
0.267090 0.275485
0.267334 0.275491
0.267578 0.275588
0.267822 0.275889
0.268066 0.275889
0.268311 0.276124
0.268555 0.276167
0.268799 0.276558
0.269043 0.276588
0.269287 0.276758
0.269531 0.276779
0.269775 0.276797
0.270020 0.276880
0.270264 0.276897
0.270508 0.276952
0.270752 0.276966
0.270996 0.277273
0.271240 0.277542
0.271484 0.277581
0.271729 0.278269
0.271973 0.278269
0.272217 0.279469
0.272461 0.279702
0.272705 0.279712
0.272949 0.279815
0.273193 0.279834
0.273438 0.279928
0.273682 0.280295
0.273926 0.280299
0.274170 0.280452
0.274414 0.280867
0.274658 0.281062
0.274902 0.281066
0.275146 0.281681
0.275391 0.281849
0.275635 0.281879
0.275879 0.281988
0.276123 0.282056
0.276367 0.282470
0.276611 0.283421
0.276855 0.283573
0.277100 0.283887
0.277344 0.283917
0.277588 0.283981
0.277832 0.284227
0.278076 0.284275
0.278320 0.285402
0.278564 0.285405
0.278809 0.285674
0.279053 0.285686
0.279297 0.285696
0.279541 0.285703
0.279785 0.285797
0.280029 0.285899
0.280273 0.286416
0.280518 0.286797
0.280762 0.287039
0.281006 0.287308
0.281250 0.287339
0.281494 0.287369
0.281738 0.287375
0.281982 0.287619
0.282227 0.288720
0.282471 0.288935
0.282715 0.289019
0.282959 0.289675
0.283203 0.289779
0.283447 0.289780
0.283691 0.290735
0.283936 0.290739
0.284180 0.290739
0.284424 0.290788
0.284668 0.290788
0.284912 0.291035
0.285156 0.291695
0.285400 0.291706
0.285645 0.291776
0.285889 0.292343
0.286133 0.292365
0.286377 0.292404
0.286621 0.292404
0.286865 0.293170
0.287109 0.293305
0.287354 0.293361
0.287598 0.293886
0.287842 0.293925
0.288086 0.294288
0.288330 0.294293
0.288574 0.294315
0.288818 0.294422
0.289062 0.294472
0.289307 0.294763
0.289551 0.294764
0.289795 0.294804
0.290039 0.294879
0.290283 0.297009
0.290527 0.297014
0.290771 0.297087
0.291016 0.297097
0.291260 0.297653
0.291504 0.297813
0.291748 0.297917
0.291992 0.297954
0.292236 0.297997
0.292480 0.298331
0.292725 0.298346
0.292969 0.298838
0.293213 0.298838
0.293457 0.299264
0.293701 0.299436
0.293945 0.299592
0.294189 0.299711
0.294434 0.299822
0.294678 0.299941
0.294922 0.300247
0.295166 0.300610
0.295410 0.300886
0.295654 0.301304
0.295898 0.301307
0.296143 0.301706
0.296387 0.301721
0.296631 0.301811
0.296875 0.301861
0.297119 0.301935
0.297363 0.301941
0.297607 0.301991
0.297852 0.302096
0.298096 0.302101
0.298340 0.302763
0.298584 0.303050
0.298828 0.303091
0.299072 0.303274
0.299316 0.303536
0.299561 0.303808
0.299805 0.303953
0.300049 0.303954
0.300293 0.304010
0.300537 0.304479
0.300781 0.304647
0.301025 0.304669
0.301270 0.304739
0.301514 0.304878
0.301758 0.304878
0.302002 0.305031
0.302246 0.305472
0.302490 0.305497
0.302734 0.305667
0.302979 0.306285
0.303223 0.306286
0.303467 0.306313
0.303711 0.306402
0.303955 0.306525
0.304199 0.306608
0.304443 0.306612
0.304688 0.306714
0.304932 0.306884
0.305176 0.307695
0.305420 0.308165
0.305664 0.308182
0.305908 0.308202
0.306152 0.308740
0.306396 0.308949
0.306641 0.309046
0.306885 0.309142
0.307129 0.309395
0.307373 0.309512
0.307617 0.309525
0.307861 0.309527
0.308105 0.309528
0.308350 0.309539
0.308594 0.310077
0.308838 0.310085
0.309082 0.310267
0.309326 0.310732
0.309570 0.310847
0.309814 0.310854
0.310059 0.310860
0.310303 0.310878
0.310547 0.310922
0.310791 0.310965
0.311035 0.311012
0.311279 0.311365
0.311523 0.311401
0.311768 0.311440
0.312012 0.311459
0.312256 0.311742
0.312500 0.311742
0.312744 0.311881
0.312988 0.312090
0.313232 0.312834
0.313477 0.313157
0.313721 0.313158
0.313965 0.313342
0.314209 0.313429
0.314453 0.313674
0.314697 0.314082
0.314941 0.314852
0.315186 0.314964
0.315430 0.315600
0.315674 0.315816
0.315918 0.316102
0.316162 0.316156
0.316406 0.316821
0.316650 0.316823
0.316895 0.317377
0.317139 0.318323
0.317383 0.318392
0.317627 0.318393
0.317871 0.318731
0.318115 0.318814
0.318359 0.319221
0.318604 0.319235
0.318848 0.319564
0.319092 0.319627
0.319336 0.319634
0.319580 0.320365
0.319824 0.320368
0.320068 0.320412
0.320312 0.320675
0.320557 0.322032
0.320801 0.322130
0.321045 0.322410
0.321289 0.322651
0.321533 0.323343
0.321777 0.323382
0.322021 0.324281
0.322266 0.324347
0.322510 0.324400
0.322754 0.324430
0.322998 0.324527
0.323242 0.324633
0.323486 0.325060
0.323730 0.325933
0.323975 0.325952
0.324219 0.325963
0.324463 0.326241
0.324707 0.326409
0.324951 0.326842
0.325195 0.327314
0.325439 0.327942
0.325684 0.327981
0.325928 0.328142
0.326172 0.328556
0.326416 0.328958
0.326660 0.329410
0.326904 0.329412
0.327148 0.329481
0.327393 0.329639
0.327637 0.329737
0.327881 0.329773
0.328125 0.329773
0.328369 0.329779
0.328613 0.330050
0.328857 0.331238
0.329102 0.331728
0.329346 0.331938
0.329590 0.333097
0.329834 0.333154
0.330078 0.333908
0.330322 0.333920
0.330566 0.334658
0.330811 0.334702
0.331055 0.334746
0.331299 0.334799
0.331543 0.336307
0.331787 0.336839
0.332031 0.337477
0.332275 0.337479
0.332520 0.337490
0.332764 0.337658
0.333008 0.337690
0.333252 0.338071
0.333496 0.338191
0.333740 0.338222
0.333984 0.338282
0.334229 0.338613
0.334473 0.339381
0.334717 0.339383
0.334961 0.339594
0.335205 0.339665
0.335449 0.339894
0.335693 0.340194
0.335938 0.342138
0.336182 0.342138
0.336426 0.342568
0.336670 0.342578
0.336914 0.342578
0.337158 0.343122
0.337402 0.343389
0.337646 0.343608
0.337891 0.343671
0.338135 0.343729
0.338379 0.343901
0.338623 0.346432
0.338867 0.346535
0.339111 0.347136
0.339355 0.347213
0.339600 0.347479
0.339844 0.347750
0.340088 0.347788
0.340332 0.348162
0.340576 0.348896
0.340820 0.348915
0.341064 0.349371
0.341309 0.349642
0.341553 0.349734
0.341797 0.350014
0.342041 0.350359
0.342285 0.350369
0.342529 0.350499
0.342773 0.350561
0.343018 0.350574
0.343262 0.350957
0.343506 0.351278
0.343750 0.351301
0.343994 0.351689
0.344238 0.351808
0.344482 0.351883
0.344727 0.352004
0.344971 0.352041
0.345215 0.352138
0.345459 0.352171
0.345703 0.352395
0.345947 0.352556
0.346191 0.353437
0.346436 0.353624
0.346680 0.354053
0.346924 0.354365
0.347168 0.354378
0.347412 0.354795
0.347656 0.355287
0.347900 0.355294
0.348145 0.355355
0.348389 0.355503
0.348633 0.355881
0.348877 0.356763
0.349121 0.356765
0.349365 0.356801
0.349609 0.357540
0.349854 0.357821
0.350098 0.358107
0.350342 0.358119
0.350586 0.358632
0.350830 0.358699
0.351074 0.358699
0.351318 0.359272
0.351562 0.360312
0.351807 0.360427
0.352051 0.360699
0.352295 0.360885
0.352539 0.361021
0.352783 0.361351
0.353027 0.361427
0.353271 0.361486
0.353516 0.361528
0.353760 0.362579
0.354004 0.362602
0.354248 0.362612
0.354492 0.362646
0.354736 0.362668
0.354980 0.362816
0.355225 0.363414
0.355469 0.364663
0.355713 0.364674
0.355957 0.365069
0.356201 0.365566
0.356445 0.365620
0.356689 0.365735
0.356934 0.365744
0.357178 0.365750
0.357422 0.365848
0.357666 0.366104
0.357910 0.366469
0.358154 0.367116
0.358398 0.367135
0.358643 0.367140
0.358887 0.367469
0.359131 0.370261
0.359375 0.370273
0.359619 0.370274
0.359863 0.371073
0.360107 0.371382
0.360352 0.372963
0.360596 0.373219
0.360840 0.373728
0.361084 0.374189
0.361328 0.374459
0.361572 0.374780
0.361816 0.374889
0.362061 0.375183
0.362305 0.375415
0.362549 0.376004
0.362793 0.376013
0.363037 0.376409
0.363281 0.376697
0.363525 0.376794
0.363770 0.376832
0.364014 0.376839
0.364258 0.377089
0.364502 0.377173
0.364746 0.377178
0.364990 0.377185
0.365234 0.377246
0.365479 0.377401
0.365723 0.377416
0.365967 0.377471
0.366211 0.377590
0.366455 0.377590
0.366699 0.377600
0.366943 0.377800
0.367188 0.377815
0.367432 0.378066
0.367676 0.378168
0.367920 0.378613
0.368164 0.378675
0.368408 0.378975
0.368652 0.379694
0.368896 0.379709
0.369141 0.379744
0.369385 0.379799
0.369629 0.379835
0.369873 0.380033
0.370117 0.380315
0.370361 0.381219
0.370605 0.381432
0.370850 0.381577
0.371094 0.381802
0.371338 0.381863
0.371582 0.382713
0.371826 0.382772
0.372070 0.384019
0.372314 0.386185
0.372559 0.386185
0.372803 0.386188
0.373047 0.386188
0.373291 0.386212
0.373535 0.386236
0.373779 0.386376
0.374023 0.387581
0.374268 0.387699
0.374512 0.387808
0.374756 0.388266
0.375000 0.388277
0.375244 0.388472
0.375488 0.388543
0.375732 0.388788
0.375977 0.388946
0.376221 0.389247
0.376465 0.389528
0.376709 0.389732
0.376953 0.389996
0.377197 0.390199
0.377441 0.390208
0.377686 0.390332
0.377930 0.391393
0.378174 0.391491
0.378418 0.391514
0.378662 0.392063
0.378906 0.392179
0.379150 0.392200
0.379395 0.392231
0.379639 0.392251
0.379883 0.392367
0.380127 0.392809
0.380371 0.392824
0.380615 0.393108
0.380859 0.393161
0.381104 0.393199
0.381348 0.393352
0.381592 0.393394
0.381836 0.393412
0.382080 0.393434
0.382324 0.393651
0.382568 0.393987
0.382812 0.394052
0.383057 0.394104
0.383301 0.394354
0.383545 0.394379
0.383789 0.394430
0.384033 0.395372
0.384277 0.395822
0.384521 0.396296
0.384766 0.396440
0.385010 0.396456
0.385254 0.397233
0.385498 0.397247
0.385742 0.397370
0.385986 0.397391
0.386230 0.397454
0.386475 0.397567
0.386719 0.398112
0.386963 0.398116
0.387207 0.398278
0.387451 0.398965
0.387695 0.400183
0.387939 0.400352
0.388184 0.400353
0.388428 0.400370
0.388672 0.400559
0.388916 0.401033
0.389160 0.402553
0.389404 0.402555
0.389648 0.403137
0.389893 0.403161
0.390137 0.404196
0.390381 0.404295
0.390625 0.404398
0.390869 0.404729
0.391113 0.406917
0.391357 0.406960
0.391602 0.406992
0.391846 0.407000
0.392090 0.407105
0.392334 0.407372
0.392578 0.407391
0.392822 0.407623
0.393066 0.407709
0.393311 0.407740
0.393555 0.407741
0.393799 0.407742
0.394043 0.407935
0.394287 0.408017
0.394531 0.409031
0.394775 0.409058
0.395020 0.409475
0.395264 0.409542
0.395508 0.409562
0.395752 0.409688
0.395996 0.410762
0.396240 0.410866
0.396484 0.411021
0.396729 0.411367
0.396973 0.411608
0.397217 0.411716
0.397461 0.411762
0.397705 0.412158
0.397949 0.412165
0.398193 0.412291
0.398438 0.412294
0.398682 0.412480
0.398926 0.412501
0.399170 0.412501
0.399414 0.412535
0.399658 0.412557
0.399902 0.412559
0.400146 0.412734
0.400391 0.412959
0.400635 0.414720
0.400879 0.414723
0.401123 0.414724
0.401367 0.415009
0.401611 0.415534
0.401855 0.415852
0.402100 0.416518
0.402344 0.416528
0.402588 0.416557
0.402832 0.416572
0.403076 0.416755
0.403320 0.417275
0.403564 0.417543
0.403809 0.417558
0.404053 0.418669
0.404297 0.418697
0.404541 0.418878
0.404785 0.418976
0.405029 0.420309
0.405273 0.420407
0.405518 0.420466
0.405762 0.420635
0.406006 0.420645
0.406250 0.421291
0.406494 0.421727
0.406738 0.421988
0.406982 0.421988
0.407227 0.422028
0.407471 0.422206
0.407715 0.422274
0.407959 0.422274
0.408203 0.422275
0.408447 0.422282
0.408691 0.422720
0.408936 0.423183
0.409180 0.423993
0.409424 0.424600
0.409668 0.424631
0.409912 0.424632
0.410156 0.424690
0.410400 0.424707
0.410645 0.424708
0.410889 0.425564
0.411133 0.425693
0.411377 0.425729
0.411621 0.426154
0.411865 0.426228
0.412109 0.426289
0.412354 0.426337
0.412598 0.426559
0.412842 0.427321
0.413086 0.427367
0.413330 0.427397
0.413574 0.427549
0.413818 0.427660
0.414062 0.427682
0.414307 0.427766
0.414551 0.427841
0.414795 0.428870
0.415039 0.430583
0.415283 0.430655
0.415527 0.430841
0.415771 0.430841
0.416016 0.431490
0.416260 0.431495
0.416504 0.431687
0.416748 0.431750
0.416992 0.432180
0.417236 0.432616
0.417480 0.433322
0.417725 0.433620
0.417969 0.434528
0.418213 0.434528
0.418457 0.435680
0.418701 0.436348
0.418945 0.436552
0.419189 0.437282
0.419434 0.437291
0.419678 0.437795
0.419922 0.438098
0.420166 0.438610
0.420410 0.438750
0.420654 0.438871
0.420898 0.438996
0.421143 0.439055
0.421387 0.439324
0.421631 0.439326
0.421875 0.439594
0.422119 0.439864
0.422363 0.440285
0.422607 0.440333
0.422852 0.441125
0.423096 0.441129
0.423340 0.441137
0.423584 0.441150
0.423828 0.441200
0.424072 0.441241
0.424316 0.441538
0.424561 0.441685
0.424805 0.442432
0.425049 0.442434
0.425293 0.442434
0.425537 0.442522
0.425781 0.442586
0.426025 0.442655
0.426270 0.442662
0.426514 0.442688
0.426758 0.443280
0.427002 0.443670
0.427246 0.443965
0.427490 0.444171
0.427734 0.444218
0.427979 0.444470
0.428223 0.445111
0.428467 0.445406
0.428711 0.445669
0.428955 0.446086
0.429199 0.446194
0.429443 0.446338
0.429688 0.446607
0.429932 0.446609
0.430176 0.446611
0.430420 0.446674
0.430664 0.446818
0.430908 0.447220
0.431152 0.447224
0.431396 0.447389
0.431641 0.447507
0.431885 0.447785
0.432129 0.447864
0.432373 0.447883
0.432617 0.447986
0.432861 0.448526
0.433105 0.448530
0.433350 0.448574
0.433594 0.448588
0.433838 0.448743
0.434082 0.448820
0.434326 0.449180
0.434570 0.449349
0.434814 0.449477
0.435059 0.449477
0.435303 0.449607
0.435547 0.449648
0.435791 0.449764
0.436035 0.449837
0.436279 0.449959
0.436523 0.449960
0.436768 0.449968
0.437012 0.449989
0.437256 0.449989
0.437500 0.450192
0.437744 0.450324
0.437988 0.451141
0.438232 0.451173
0.438477 0.452012
0.438721 0.452261
0.438965 0.452650
0.439209 0.452690
0.439453 0.452973
0.439697 0.453152
0.439941 0.453938
0.440186 0.454098
0.440430 0.456111
0.440674 0.456180
0.440918 0.456348
0.441162 0.456586
0.441406 0.457364
0.441650 0.457808
0.441895 0.457852
0.442139 0.458125
0.442383 0.458424
0.442627 0.458518
0.442871 0.458872
0.443115 0.458922
0.443359 0.459121
0.443604 0.459989
0.443848 0.460033
0.444092 0.460073
0.444336 0.460197
0.444580 0.460355
0.444824 0.460945
0.445068 0.461407
0.445312 0.461494
0.445557 0.461507
0.445801 0.461522
0.446045 0.461947
0.446289 0.462114
0.446533 0.462198
0.446777 0.462198
0.447021 0.462270
0.447266 0.462335
0.447510 0.462551
0.447754 0.462646
0.447998 0.462956
0.448242 0.462968
0.448486 0.462982
0.448730 0.463007
0.448975 0.463110
0.449219 0.463804
0.449463 0.464272
0.449707 0.464939
0.449951 0.464955
0.450195 0.465368
0.450439 0.465624
0.450684 0.465628
0.450928 0.465644
0.451172 0.465667
0.451416 0.466447
0.451660 0.466458
0.451904 0.466484
0.452148 0.466862
0.452393 0.467073
0.452637 0.467077
0.452881 0.467094
0.453125 0.467116
0.453369 0.467120
0.453613 0.468965
0.453857 0.469061
0.454102 0.469174
0.454346 0.469313
0.454590 0.469803
0.454834 0.470942
0.455078 0.471024
0.455322 0.471032
0.455566 0.471047
0.455811 0.471565
0.456055 0.471675
0.456299 0.471749
0.456543 0.472076
0.456787 0.472091
0.457031 0.472092
0.457275 0.472218
0.457520 0.472328
0.457764 0.472329
0.458008 0.472418
0.458252 0.472555
0.458496 0.472671
0.458740 0.473040
0.458984 0.473089
0.459229 0.473513
0.459473 0.473567
0.459717 0.473607
0.459961 0.473650
0.460205 0.473683
0.460449 0.473922
0.460693 0.474126
0.460938 0.474179
0.461182 0.474708
0.461426 0.474805
0.461670 0.474939
0.461914 0.475435
0.462158 0.475437
0.462402 0.475912
0.462646 0.476084
0.462891 0.476624
0.463135 0.476649
0.463379 0.476652
0.463623 0.476795
0.463867 0.476883
0.464111 0.476888
0.464355 0.477023
0.464600 0.477051
0.464844 0.477144
0.465088 0.477356
0.465332 0.477529
0.465576 0.478926
0.465820 0.479089
0.466064 0.479269
0.466309 0.479589
0.466553 0.479740
0.466797 0.480000
0.467041 0.480153
0.467285 0.480218
0.467529 0.480219
0.467773 0.480265
0.468018 0.480268
0.468262 0.480939
0.468506 0.481172
0.468750 0.481586
0.468994 0.481592
0.469238 0.482024
0.469482 0.482242
0.469727 0.482645
0.469971 0.483245
0.470215 0.483561
0.470459 0.483761
0.470703 0.483761
0.470947 0.483938
0.471191 0.483945
0.471436 0.485084
0.471680 0.485839
0.471924 0.485840
0.472168 0.485913
0.472412 0.485939
0.472656 0.485971
0.472900 0.486231
0.473145 0.486415
0.473389 0.486839
0.473633 0.487206
0.473877 0.487255
0.474121 0.487285
0.474365 0.487365
0.474609 0.487828
0.474854 0.487836
0.475098 0.488480
0.475342 0.488494
0.475586 0.488529
0.475830 0.488611
0.476074 0.488909
0.476318 0.489083
0.476562 0.489102
0.476807 0.489211
0.477051 0.489293
0.477295 0.489478
0.477539 0.490352
0.477783 0.490353
0.478027 0.490505
0.478271 0.491031
0.478516 0.491071
0.478760 0.491081
0.479004 0.491087
0.479248 0.491228
0.479492 0.491454
0.479736 0.491556
0.479980 0.491705
0.480225 0.491742
0.480469 0.493318
0.480713 0.494362
0.480957 0.494363
0.481201 0.494384
0.481445 0.494842
0.481689 0.494898
0.481934 0.494971
0.482178 0.494984
0.482422 0.495013
0.482666 0.495021
0.482910 0.496397
0.483154 0.496404
0.483398 0.496616
0.483643 0.496880
0.483887 0.496881
0.484131 0.498035
0.484375 0.498382
0.484619 0.498407
0.484863 0.498942
0.485107 0.499575
0.485352 0.499607
0.485596 0.499819
0.485840 0.499839
0.486084 0.499860
0.486328 0.500233
0.486572 0.500293
0.486816 0.500376
0.487061 0.500598
0.487305 0.500620
0.487549 0.500652
0.487793 0.500678
0.488037 0.500691
0.488281 0.500768
0.488525 0.500926
0.488770 0.501279
0.489014 0.501434
0.489258 0.502221
0.489502 0.502510
0.489746 0.502986
0.489990 0.502990
0.490234 0.502993
0.490479 0.503159
0.490723 0.503193
0.490967 0.503519
0.491211 0.503524
0.491455 0.503682
0.491699 0.503828
0.491943 0.504652
0.492188 0.504664
0.492432 0.504777
0.492676 0.504911
0.492920 0.505025
0.493164 0.505149
0.493408 0.505808
0.493652 0.506195
0.493896 0.506280
0.494141 0.506514
0.494385 0.506617
0.494629 0.506617
0.494873 0.506620
0.495117 0.506831
0.495361 0.507008
0.495605 0.507086
0.495850 0.507108
0.496094 0.507260
0.496338 0.507429
0.496582 0.507429
0.496826 0.507559
0.497070 0.507593
0.497314 0.507881
0.497559 0.508234
0.497803 0.508444
0.498047 0.508449
0.498291 0.508450
0.498535 0.508668
0.498779 0.508705
0.499023 0.508984
0.499268 0.509062
0.499512 0.509282
0.499756 0.509779
0.500000 0.510724
0.500244 0.510805
0.500488 0.510897
0.500732 0.511001
0.500977 0.511711
0.501221 0.511718
0.501465 0.512088
0.501709 0.512379
0.501953 0.512381
0.502197 0.512381
0.502441 0.512384
0.502686 0.512521
0.502930 0.512521
0.503174 0.512593
0.503418 0.512625
0.503662 0.512693
0.503906 0.512987
0.504150 0.513606
0.504395 0.513902
0.504639 0.513905
0.504883 0.514015
0.505127 0.514298
0.505371 0.514469
0.505615 0.514664
0.505859 0.514750
0.506104 0.514914
0.506348 0.515086
0.506592 0.515190
0.506836 0.515758
0.507080 0.515881
0.507324 0.516573
0.507568 0.516757
0.507812 0.516765
0.508057 0.516964
0.508301 0.517402
0.508545 0.517451
0.508789 0.517474
0.509033 0.517477
0.509277 0.517527
0.509521 0.518694
0.509766 0.518701
0.510010 0.518826
0.510254 0.519076
0.510498 0.519164
0.510742 0.519165
0.510986 0.519274
0.511230 0.519523
0.511475 0.519920
0.511719 0.520189
0.511963 0.520257
0.512207 0.520402
0.512451 0.520423
0.512695 0.520906
0.512939 0.521315
0.513184 0.521675
0.513428 0.521768
0.513672 0.521805
0.513916 0.522083
0.514160 0.523552
0.514404 0.523893
0.514648 0.523964
0.514893 0.523976
0.515137 0.524028
0.515381 0.524029
0.515625 0.524137
0.515869 0.524233
0.516113 0.524238
0.516357 0.524251
0.516602 0.524496
0.516846 0.524499
0.517090 0.524526
0.517334 0.524564
0.517578 0.524775
0.517822 0.524889
0.518066 0.524892
0.518311 0.525789
0.518555 0.525925
0.518799 0.526876
0.519043 0.528941
0.519287 0.528941
0.519531 0.529984
0.519775 0.530320
0.520020 0.530648
0.520264 0.530710
0.520508 0.530989
0.520752 0.531022
0.520996 0.531238
0.521240 0.531299
0.521484 0.531870
0.521729 0.531876
0.521973 0.532107
0.522217 0.532191
0.522461 0.532192
0.522705 0.532357
0.522949 0.532357
0.523193 0.532361
0.523438 0.532375
0.523682 0.532375
0.523926 0.532399
0.524170 0.532671
0.524414 0.532679
0.524658 0.532850
0.524902 0.533300
0.525146 0.533302
0.525391 0.533342
0.525635 0.534195
0.525879 0.535271
0.526123 0.535646
0.526367 0.535838
0.526611 0.536001
0.526855 0.536365
0.527100 0.536398
0.527344 0.537889
0.527588 0.538009
0.527832 0.538009
0.528076 0.538138
0.528320 0.538140
0.528564 0.538592
0.528809 0.538679
0.529053 0.538696
0.529297 0.540191
0.529541 0.540254
0.529785 0.541324
0.530029 0.541334
0.530273 0.541411
0.530518 0.541516
0.530762 0.541565
0.531006 0.541566
0.531250 0.541703
0.531494 0.541729
0.531738 0.541866
0.531982 0.541911
0.532227 0.542069
0.532471 0.542075
0.532715 0.542082
0.532959 0.542096
0.533203 0.542463
0.533447 0.542473
0.533691 0.542590
0.533936 0.542601
0.534180 0.542989
0.534424 0.543019
0.534668 0.543248
0.534912 0.543358
0.535156 0.543577
0.535400 0.544075
0.535645 0.544091
0.535889 0.544307
0.536133 0.544500
0.536377 0.544516
0.536621 0.544845
0.536865 0.544846
0.537109 0.544882
0.537354 0.545811
0.537598 0.545811
0.537842 0.545844
0.538086 0.545971
0.538330 0.545985
0.538574 0.546354
0.538818 0.546368
0.539062 0.547915
0.539307 0.547926
0.539551 0.548038
0.539795 0.548772
0.540039 0.548782
0.540283 0.548869
0.540527 0.550935
0.540771 0.550981
0.541016 0.551311
0.541260 0.551727
0.541504 0.551951
0.541748 0.551955
0.541992 0.551961
0.542236 0.551963
0.542480 0.551964
0.542725 0.552063
0.542969 0.552144
0.543213 0.552151
0.543457 0.552283
0.543701 0.552907
0.543945 0.552953
0.544189 0.553084
0.544434 0.554383
0.544678 0.554385
0.544922 0.554391
0.545166 0.554833
0.545410 0.555092
0.545654 0.555555
0.545898 0.555578
0.546143 0.555911
0.546387 0.556181
0.546631 0.556356
0.546875 0.556365
0.547119 0.556397
0.547363 0.557114
0.547607 0.557589
0.547852 0.557599
0.548096 0.557600
0.548340 0.557824
0.548584 0.558032
0.548828 0.558581
0.549072 0.558777
0.549316 0.558881
0.549561 0.559000
0.549805 0.559077
0.550049 0.559078
0.550293 0.559151
0.550537 0.559191
0.550781 0.559712
0.551025 0.559924
0.551270 0.560474
0.551514 0.560944
0.551758 0.561610
0.552002 0.561645
0.552246 0.561749
0.552490 0.561757
0.552734 0.562324
0.552979 0.562403
0.553223 0.562467
0.553467 0.562786
0.553711 0.563132
0.553955 0.563519
0.554199 0.563789
0.554443 0.563831
0.554688 0.563927
0.554932 0.564306
0.555176 0.564307
0.555420 0.565369
0.555664 0.565369
0.555908 0.565379
0.556152 0.565484
0.556396 0.565528
0.556641 0.565847
0.556885 0.565864
0.557129 0.565866
0.557373 0.566827
0.557617 0.566869
0.557861 0.567114
0.558105 0.567183
0.558350 0.567285
0.558594 0.567641
0.558838 0.567646
0.559082 0.567810
0.559326 0.567851
0.559570 0.567879
0.559814 0.567992
0.560059 0.568066
0.560303 0.569641
0.560547 0.569648
0.560791 0.570080
0.561035 0.570301
0.561279 0.570397
0.561523 0.570423
0.561768 0.570949
0.562012 0.570968
0.562256 0.572196
0.562500 0.572551
0.562744 0.572584
0.562988 0.572621
0.563232 0.572621
0.563477 0.573143
0.563721 0.573180
0.563965 0.573516
0.564209 0.573674
0.564453 0.573708
0.564697 0.573834
0.564941 0.573835
0.565186 0.574242
0.565430 0.574257
0.565674 0.574903
0.565918 0.575041
0.566162 0.575207
0.566406 0.575207
0.566650 0.575314
0.566895 0.575318
0.567139 0.575336
0.567383 0.575350
0.567627 0.575623
0.567871 0.575626
0.568115 0.576325
0.568359 0.576365
0.568604 0.576523
0.568848 0.576830
0.569092 0.577054
0.569336 0.577054
0.569580 0.577102
0.569824 0.577618
0.570068 0.578346
0.570312 0.578375
0.570557 0.578402
0.570801 0.578835
0.571045 0.578944
0.571289 0.579151
0.571533 0.579326
0.571777 0.579461
0.572021 0.579467
0.572266 0.579955
0.572510 0.580090
0.572754 0.580504
0.572998 0.581712
0.573242 0.581717
0.573486 0.581718
0.573730 0.582374
0.573975 0.582393
0.574219 0.583263
0.574463 0.583429
0.574707 0.583529
0.574951 0.583543
0.575195 0.583603
0.575439 0.583807
0.575684 0.584235
0.575928 0.584534
0.576172 0.584664
0.576416 0.584754
0.576660 0.585063
0.576904 0.585193
0.577148 0.585218
0.577393 0.585283
0.577637 0.585284
0.577881 0.585491
0.578125 0.585685
0.578369 0.585771
0.578613 0.586182
0.578857 0.587057
0.579102 0.587108
0.579346 0.587132
0.579590 0.587550
0.579834 0.587816
0.580078 0.588665
0.580322 0.588805
0.580566 0.588934
0.580811 0.588938
0.581055 0.589015
0.581299 0.589022
0.581543 0.589024
0.581787 0.589236
0.582031 0.589354
0.582275 0.589394
0.582520 0.589451
0.582764 0.589535
0.583008 0.589535
0.583252 0.589624
0.583496 0.589677
0.583740 0.590242
0.583984 0.590325
0.584229 0.590660
0.584473 0.590672
0.584717 0.590792
0.584961 0.591318
0.585205 0.591586
0.585449 0.591746
0.585693 0.591771
0.585938 0.592784
0.586182 0.593005
0.586426 0.593092
0.586670 0.593414
0.586914 0.593431
0.587158 0.593523
0.587402 0.593524
0.587646 0.593540
0.587891 0.594943
0.588135 0.595149
0.588379 0.595166
0.588623 0.595169
0.588867 0.595199
0.589111 0.595257
0.589355 0.595347
0.589600 0.595411
0.589844 0.595521
0.590088 0.595595
0.590332 0.595596
0.590576 0.595845
0.590820 0.596009
0.591064 0.598074
0.591309 0.598424
0.591553 0.598425
0.591797 0.598427
0.592041 0.598934
0.592285 0.599055
0.592529 0.599311
0.592773 0.600239
0.593018 0.600567
0.593262 0.600727
0.593506 0.600883
0.593750 0.601138
0.593994 0.601173
0.594238 0.601419
0.594482 0.601558
0.594727 0.601716
0.594971 0.601751
0.595215 0.601869
0.595459 0.601933
0.595703 0.601942
0.595947 0.602758
0.596191 0.602776
0.596436 0.603569
0.596680 0.603924
0.596924 0.603984
0.597168 0.603986
0.597412 0.604006
0.597656 0.604253
0.597900 0.604254
0.598145 0.604321
0.598389 0.604384
0.598633 0.604495
0.598877 0.605127
0.599121 0.605795
0.599365 0.606096
0.599609 0.606245
0.599854 0.606338
0.600098 0.606757
0.600342 0.606806
0.600586 0.606823
0.600830 0.607918
0.601074 0.608030
0.601318 0.608115
0.601562 0.608338
0.601807 0.608354
0.602051 0.608441
0.602295 0.608443
0.602539 0.608867
0.602783 0.609121
0.603027 0.609129
0.603271 0.609129
0.603516 0.609233
0.603760 0.609237
0.604004 0.609307
0.604248 0.609311
0.604492 0.609389
0.604736 0.610766
0.604980 0.611011
0.605225 0.611013
0.605469 0.611071
0.605713 0.611123
0.605957 0.611168
0.606201 0.611331
0.606445 0.611336
0.606689 0.611344
0.606934 0.611348
0.607178 0.611369
0.607422 0.611814
0.607666 0.611898
0.607910 0.611915
0.608154 0.611928
0.608398 0.612866
0.608643 0.612957
0.608887 0.613252
0.609131 0.613357
0.609375 0.613960
0.609619 0.614073
0.609863 0.614100
0.610107 0.614113
0.610352 0.614229
0.610596 0.614375
0.610840 0.614594
0.611084 0.614862
0.611328 0.614951
0.611572 0.616420
0.611816 0.616462
0.612061 0.616481
0.612305 0.616483
0.612549 0.616674
0.612793 0.616760
0.613037 0.616760
0.613281 0.618369
0.613525 0.618376
0.613770 0.618417
0.614014 0.618499
0.614258 0.618663
0.614502 0.618671
0.614746 0.619057
0.614990 0.619081
0.615234 0.619243
0.615479 0.619431
0.615723 0.619500
0.615967 0.619709
0.616211 0.619729
0.616455 0.619995
0.616699 0.621111
0.616943 0.621138
0.617188 0.621178
0.617432 0.621271
0.617676 0.621456
0.617920 0.621457
0.618164 0.621822
0.618408 0.622361
0.618652 0.622405
0.618896 0.623219
0.619141 0.623253
0.619385 0.624518
0.619629 0.624845
0.619873 0.624942
0.620117 0.625019
0.620361 0.625032
0.620605 0.625124
0.620850 0.626052
0.621094 0.626064
0.621338 0.626155
0.621582 0.626251
0.621826 0.626253
0.622070 0.626636
0.622314 0.626738
0.622559 0.626908
0.622803 0.626950
0.623047 0.627540
0.623291 0.627737
0.623535 0.627752
0.623779 0.627753
0.624023 0.627779
0.624268 0.628006
0.624512 0.628066
0.624756 0.628125
0.625000 0.628137
0.625244 0.628137
0.625488 0.628158
0.625732 0.628209
0.625977 0.628422
0.626221 0.628453
0.626465 0.628592
0.626709 0.628638
0.626953 0.628665
0.627197 0.628700
0.627441 0.628871
0.627686 0.628925
0.627930 0.628926
0.628174 0.628927
0.628418 0.628927
0.628662 0.629906
0.628906 0.629936
0.629150 0.630238
0.629395 0.630242
0.629639 0.630310
0.629883 0.631721
0.630127 0.631812
0.630371 0.632094
0.630615 0.632224
0.630859 0.632286
0.631104 0.632318
0.631348 0.632329
0.631592 0.632432
0.631836 0.632470
0.632080 0.633591
0.632324 0.633592
0.632568 0.633695
0.632812 0.634532
0.633057 0.634534
0.633301 0.634704
0.633545 0.634819
0.633789 0.635337
0.634033 0.636547
0.634277 0.636578
0.634521 0.636601
0.634766 0.636603
0.635010 0.637192
0.635254 0.637536
0.635498 0.637942
0.635742 0.638158
0.635986 0.638304
0.636230 0.638326
0.636475 0.638436
0.636719 0.638674
0.636963 0.639179
0.637207 0.639459
0.637451 0.639462
0.637695 0.639618
0.637939 0.639641
0.638184 0.639963
0.638428 0.639965
0.638672 0.639980
0.638916 0.641116
0.639160 0.641908
0.639404 0.642070
0.639648 0.642358
0.639893 0.642387
0.640137 0.642499
0.640381 0.642501
0.640625 0.642761
0.640869 0.642847
0.641113 0.642941
0.641357 0.642943
0.641602 0.643435
0.641846 0.644345
0.642090 0.644351
0.642334 0.645003
0.642578 0.645342
0.642822 0.645404
0.643066 0.645568
0.643311 0.645775
0.643555 0.645785
0.643799 0.646213
0.644043 0.646235
0.644287 0.646287
0.644531 0.649875
0.644775 0.649992
0.645020 0.649994
0.645264 0.650147
0.645508 0.650474
0.645752 0.650808
0.645996 0.651714
0.646240 0.651817
0.646484 0.652076
0.646729 0.652677
0.646973 0.652678
0.647217 0.652924
0.647461 0.653356
0.647705 0.654219
0.647949 0.654587
0.648193 0.654828
0.648438 0.655194
0.648682 0.655194
0.648926 0.655573
0.649170 0.655654
0.649414 0.655727
0.649658 0.657135
0.649902 0.657473
0.650146 0.657501
0.650391 0.658539
0.650635 0.658989
0.650879 0.659196
0.651123 0.659395
0.651367 0.659594
0.651611 0.660122
0.651855 0.660350
0.652100 0.660507
0.652344 0.660519
0.652588 0.660933
0.652832 0.660996
0.653076 0.660996
0.653320 0.661107
0.653564 0.661398
0.653809 0.662041
0.654053 0.662098
0.654297 0.662142
0.654541 0.662164
0.654785 0.662203
0.655029 0.662294
0.655273 0.662429
0.655518 0.662437
0.655762 0.663221
0.656006 0.663222
0.656250 0.663272
0.656494 0.663365
0.656738 0.663423
0.656982 0.663513
0.657227 0.663605
0.657471 0.663647
0.657715 0.663648
0.657959 0.663649
0.658203 0.664217
0.658447 0.664779
0.658691 0.666083
0.658936 0.666446
0.659180 0.666459
0.659424 0.666624
0.659668 0.666628
0.659912 0.666698
0.660156 0.668008
0.660400 0.668348
0.660645 0.668464
0.660889 0.668474
0.661133 0.668477
0.661377 0.668588
0.661621 0.668671
0.661865 0.668688
0.662109 0.668737
0.662354 0.668856
0.662598 0.668976
0.662842 0.668980
0.663086 0.669323
0.663330 0.669502
0.663574 0.669863
0.663818 0.670947
0.664062 0.670948
0.664307 0.671062
0.664551 0.671328
0.664795 0.671458
0.665039 0.671964
0.665283 0.671977
0.665527 0.672852
0.665771 0.672998
0.666016 0.673741
0.666260 0.673788
0.666504 0.674328
0.666748 0.675106
0.666992 0.675502
0.667236 0.675505
0.667480 0.675580
0.667725 0.676280
0.667969 0.676463
0.668213 0.677172
0.668457 0.677653
0.668701 0.677833
0.668945 0.677860
0.669189 0.677926
0.669434 0.677932
0.669678 0.678569
0.669922 0.679382
0.670166 0.680341
0.670410 0.680343
0.670654 0.680535
0.670898 0.680552
0.671143 0.681062
0.671387 0.682368
0.671631 0.682469
0.671875 0.682479
0.672119 0.682534
0.672363 0.683167
0.672607 0.683634
0.672852 0.683793
0.673096 0.684140
0.673340 0.684140
0.673584 0.684337
0.673828 0.684562
0.674072 0.684765
0.674316 0.685849
0.674561 0.686950
0.674805 0.687120
0.675049 0.687160
0.675293 0.687775
0.675537 0.687775
0.675781 0.688146
0.676025 0.688309
0.676270 0.688730
0.676514 0.688821
0.676758 0.688879
0.677002 0.688880
0.677246 0.689158
0.677490 0.689204
0.677734 0.689747
0.677979 0.689763
0.678223 0.690070
0.678467 0.690593
0.678711 0.691215
0.678955 0.691539
0.679199 0.692739
0.679443 0.692902
0.679688 0.693446
0.679932 0.693671
0.680176 0.693869
0.680420 0.694060
0.680664 0.694083
0.680908 0.694894
0.681152 0.695181
0.681396 0.695778
0.681641 0.695920
0.681885 0.696548
0.682129 0.696565
0.682373 0.696724
0.682617 0.696897
0.682861 0.696952
0.683105 0.696952
0.683350 0.697311
0.683594 0.697336
0.683838 0.697544
0.684082 0.697724
0.684326 0.697798
0.684570 0.700086
0.684814 0.700095
0.685059 0.700098
0.685303 0.700336
0.685547 0.700571
0.685791 0.700620
0.686035 0.700690
0.686279 0.700708
0.686523 0.701162
0.686768 0.701674
0.687012 0.701680
0.687256 0.701689
0.687500 0.701695
0.687744 0.701695
0.687988 0.702993
0.688232 0.703402
0.688477 0.703586
0.688721 0.703760
0.688965 0.703764
0.689209 0.703774
0.689453 0.703839
0.689697 0.704548
0.689941 0.704550
0.690186 0.704627
0.690430 0.704685
0.690674 0.706167
0.690918 0.706342
0.691162 0.706576
0.691406 0.706606
0.691650 0.707057
0.691895 0.707238
0.692139 0.707259
0.692383 0.707265
0.692627 0.707265
0.692871 0.707287
0.693115 0.707389
0.693359 0.707806
0.693604 0.707980
0.693848 0.708539
0.694092 0.708544
0.694336 0.708565
0.694580 0.708599
0.694824 0.708623
0.695068 0.708623
0.695312 0.709257
0.695557 0.709597
0.695801 0.709800
0.696045 0.710113
0.696289 0.710162
0.696533 0.710197
0.696777 0.710240
0.697021 0.710255
0.697266 0.710512
0.697510 0.710724
0.697754 0.710808
0.697998 0.710833
0.698242 0.711428
0.698486 0.711768
0.698730 0.712412
0.698975 0.712822
0.699219 0.713185
0.699463 0.713188
0.699707 0.713270
0.699951 0.714582
0.700195 0.714594
0.700439 0.714830
0.700684 0.715891
0.700928 0.716188
0.701172 0.716189
0.701416 0.716670
0.701660 0.716670
0.701904 0.716751
0.702148 0.716864
0.702393 0.716963
0.702637 0.717000
0.702881 0.717095
0.703125 0.717108
0.703369 0.717395
0.703613 0.717395
0.703857 0.717403
0.704102 0.717518
0.704346 0.717521
0.704590 0.717740
0.704834 0.718124
0.705078 0.718125
0.705322 0.719373
0.705566 0.719518
0.705811 0.720363
0.706055 0.720374
0.706299 0.720547
0.706543 0.720573
0.706787 0.720586
0.707031 0.720785
0.707275 0.720876
0.707520 0.721642
0.707764 0.721856
0.708008 0.722098
0.708252 0.722372
0.708496 0.722375
0.708740 0.722501
0.708984 0.722538
0.709229 0.722539
0.709473 0.722567
0.709717 0.722606
0.709961 0.722731
0.710205 0.722742
0.710449 0.722758
0.710693 0.722801
0.710938 0.722811
0.711182 0.723436
0.711426 0.723617
0.711670 0.723617
0.711914 0.723807
0.712158 0.723928
0.712402 0.723949
0.712646 0.724035
0.712891 0.724520
0.713135 0.725127
0.713379 0.726068
0.713623 0.726176
0.713867 0.726234
0.714111 0.726362
0.714355 0.726385
0.714600 0.727056
0.714844 0.727097
0.715088 0.727409
0.715332 0.727564
0.715576 0.727687
0.715820 0.727825
0.716064 0.727825
0.716309 0.727849
0.716553 0.727872
0.716797 0.728317
0.717041 0.728318
0.717285 0.728334
0.717529 0.728966
0.717773 0.728993
0.718018 0.729051
0.718262 0.729061
0.718506 0.729398
0.718750 0.729441
0.718994 0.729573
0.719238 0.729931
0.719482 0.730421
0.719727 0.731506
0.719971 0.731722
0.720215 0.732560
0.720459 0.732567
0.720703 0.732568
0.720947 0.732581
0.721191 0.732651
0.721436 0.732904
0.721680 0.733130
0.721924 0.734037
0.722168 0.734178
0.722412 0.734199
0.722656 0.734199
0.722900 0.734255
0.723145 0.734821
0.723389 0.735070
0.723633 0.735141
0.723877 0.735461
0.724121 0.736466
0.724365 0.736486
0.724609 0.736488
0.724854 0.737747
0.725098 0.737770
0.725342 0.737772
0.725586 0.737913
0.725830 0.737954
0.726074 0.738039
0.726318 0.738083
0.726562 0.738108
0.726807 0.738262
0.727051 0.738485
0.727295 0.738552
0.727539 0.738999
0.727783 0.738999
0.728027 0.739038
0.728271 0.739039
0.728516 0.739214
0.728760 0.739747
0.729004 0.740438
0.729248 0.740607
0.729492 0.740693
0.729736 0.740934
0.729980 0.741408
0.730225 0.741497
0.730469 0.741891
0.730713 0.741927
0.730957 0.741992
0.731201 0.742554
0.731445 0.742895
0.731689 0.742970
0.731934 0.742970
0.732178 0.743402
0.732422 0.743647
0.732666 0.743709
0.732910 0.743709
0.733154 0.744011
0.733398 0.744021
0.733643 0.744137
0.733887 0.744469
0.734131 0.744469
0.734375 0.745131
0.734619 0.746102
0.734863 0.746230
0.735107 0.746297
0.735352 0.746421
0.735596 0.746439
0.735840 0.748377
0.736084 0.748472
0.736328 0.749261
0.736572 0.749784
0.736816 0.749819
0.737061 0.749873
0.737305 0.749874
0.737549 0.750305
0.737793 0.750401
0.738037 0.750691
0.738281 0.750704
0.738525 0.750781
0.738770 0.751087
0.739014 0.751170
0.739258 0.751173
0.739502 0.751813
0.739746 0.751984
0.739990 0.752122
0.740234 0.752267
0.740479 0.752714
0.740723 0.752714
0.740967 0.752963
0.741211 0.754339
0.741455 0.754361
0.741699 0.754689
0.741943 0.754915
0.742188 0.755318
0.742432 0.755642
0.742676 0.755809
0.742920 0.756147
0.743164 0.756968
0.743408 0.757023
0.743652 0.757663
0.743896 0.757681
0.744141 0.758102
0.744385 0.758208
0.744629 0.758374
0.744873 0.758411
0.745117 0.758491
0.745361 0.758604
0.745605 0.758610
0.745850 0.760171
0.746094 0.760217
0.746338 0.760275
0.746582 0.760321
0.746826 0.760435
0.747070 0.761182
0.747314 0.761279
0.747559 0.761298
0.747803 0.762110
0.748047 0.762110
0.748291 0.762802
0.748535 0.763108
0.748779 0.763134
0.749023 0.763249
0.749268 0.763261
0.749512 0.763387
0.749756 0.763410
0.750000 0.763688
0.750244 0.763704
0.750488 0.763954
0.750732 0.764113
0.750977 0.764920
0.751221 0.765373
0.751465 0.765513
0.751709 0.765852
0.751953 0.766022
0.752197 0.766096
0.752441 0.766222
0.752686 0.767002
0.752930 0.767201
0.753174 0.767226
0.753418 0.767283
0.753662 0.767306
0.753906 0.767344
0.754150 0.767396
0.754395 0.767823
0.754639 0.768422
0.754883 0.768452
0.755127 0.768506
0.755371 0.768506
0.755615 0.768687
0.755859 0.770809
0.756104 0.771399
0.756348 0.771543
0.756592 0.771595
0.756836 0.771595
0.757080 0.771627
0.757324 0.771643
0.757568 0.771651
0.757812 0.772160
0.758057 0.772238
0.758301 0.772394
0.758545 0.773296
0.758789 0.773340
0.759033 0.773360
0.759277 0.773362
0.759521 0.773467
0.759766 0.773589
0.760010 0.773597
0.760254 0.773795
0.760498 0.773982
0.760742 0.773987
0.760986 0.774848
0.761230 0.775562
0.761475 0.775562
0.761719 0.775629
0.761963 0.775692
0.762207 0.775713
0.762451 0.775713
0.762695 0.775889
0.762939 0.776598
0.763184 0.776614
0.763428 0.776644
0.763672 0.776705
0.763916 0.776716
0.764160 0.776717
0.764404 0.777768
0.764648 0.777773
0.764893 0.778023
0.765137 0.778060
0.765381 0.778114
0.765625 0.778203
0.765869 0.778244
0.766113 0.778288
0.766357 0.778303
0.766602 0.778553
0.766846 0.779154
0.767090 0.779910
0.767334 0.779916
0.767578 0.780562
0.767822 0.780717
0.768066 0.780981
0.768311 0.781196
0.768555 0.781312
0.768799 0.781320
0.769043 0.781813
0.769287 0.781893
0.769531 0.783143
0.769775 0.783143
0.770020 0.783160
0.770264 0.783449
0.770508 0.783813
0.770752 0.784253
0.770996 0.784793
0.771240 0.784928
0.771484 0.784931
0.771729 0.785310
0.771973 0.785931
0.772217 0.785934
0.772461 0.786317
0.772705 0.786323
0.772949 0.786791
0.773193 0.787692
0.773438 0.787805
0.773682 0.788060
0.773926 0.788636
0.774170 0.788637
0.774414 0.788835
0.774658 0.789086
0.774902 0.789180
0.775146 0.789341
0.775391 0.789475
0.775635 0.789710
0.775879 0.789714
0.776123 0.789875
0.776367 0.790169
0.776611 0.790171
0.776855 0.790496
0.777100 0.791077
0.777344 0.791319
0.777588 0.791319
0.777832 0.791348
0.778076 0.791349
0.778320 0.791351
0.778564 0.791494
0.778809 0.791805
0.779053 0.791806
0.779297 0.791957
0.779541 0.791978
0.779785 0.791988
0.780029 0.792195
0.780273 0.792240
0.780518 0.792241
0.780762 0.792268
0.781006 0.792536
0.781250 0.792690
0.781494 0.792831
0.781738 0.792881
0.781982 0.793463
0.782227 0.793492
0.782471 0.793492
0.782715 0.793505
0.782959 0.793971
0.783203 0.793999
0.783447 0.794517
0.783691 0.794548
0.783936 0.794808
0.784180 0.795004
0.784424 0.795285
0.784668 0.795843
0.784912 0.795907
0.785156 0.795941
0.785400 0.796250
0.785645 0.796251
0.785889 0.796463
0.786133 0.796463
0.786377 0.797066
0.786621 0.797336
0.786865 0.797971
0.787109 0.797978
0.787354 0.798982
0.787598 0.799448
0.787842 0.799601
0.788086 0.799804
0.788330 0.799879
0.788574 0.799909
0.788818 0.799921
0.789062 0.799933
0.789307 0.801734
0.789551 0.802378
0.789795 0.803344
0.790039 0.804214
0.790283 0.804693
0.790527 0.804721
0.790771 0.804929
0.791016 0.804943
0.791260 0.804961
0.791504 0.804967
0.791748 0.804974
0.791992 0.805182
0.792236 0.805269
0.792480 0.805270
0.792725 0.805281
0.792969 0.805345
0.793213 0.805413
0.793457 0.805549
0.793701 0.805740
0.793945 0.805786
0.794189 0.806380
0.794434 0.807454
0.794678 0.807494
0.794922 0.807526
0.795166 0.807571
0.795410 0.807594
0.795654 0.807745
0.795898 0.808520
0.796143 0.808604
0.796387 0.808622
0.796631 0.808797
0.796875 0.808814
0.797119 0.808880
0.797363 0.808895
0.797607 0.808896
0.797852 0.810095
0.798096 0.810096
0.798340 0.810096
0.798584 0.810416
0.798828 0.811153
0.799072 0.811365
0.799316 0.811616
0.799561 0.812017
0.799805 0.812291
0.800049 0.812445
0.800293 0.812465
0.800537 0.812556
0.800781 0.813041
0.801025 0.813366
0.801270 0.813907
0.801514 0.814295
0.801758 0.814303
0.802002 0.814386
0.802246 0.814405
0.802490 0.814700
0.802734 0.814791
0.802979 0.814861
0.803223 0.814913
0.803467 0.815516
0.803711 0.815524
0.803955 0.816260
0.804199 0.816260
0.804443 0.816589
0.804688 0.816626
0.804932 0.816626
0.805176 0.817080
0.805420 0.817146
0.805664 0.817146
0.805908 0.817168
0.806152 0.817249
0.806396 0.817479
0.806641 0.817721
0.806885 0.817727
0.807129 0.817896
0.807373 0.817934
0.807617 0.818255
0.807861 0.818446
0.808105 0.818792
0.808350 0.819470
0.808594 0.819520
0.808838 0.819647
0.809082 0.819693
0.809326 0.820451
0.809570 0.820624
0.809814 0.821063
0.810059 0.821063
0.810303 0.821072
0.810547 0.821248
0.810791 0.822027
0.811035 0.822660
0.811279 0.822704
0.811523 0.822742
0.811768 0.823839
0.812012 0.823844
0.812256 0.824439
0.812500 0.824485
0.812744 0.824530
0.812988 0.824880
0.813232 0.824951
0.813477 0.824995
0.813721 0.824996
0.813965 0.825029
0.814209 0.825029
0.814453 0.825030
0.814697 0.825433
0.814941 0.825603
0.815186 0.825613
0.815430 0.825668
0.815674 0.825670
0.815918 0.825672
0.816162 0.825705
0.816406 0.825713
0.816650 0.827195
0.816895 0.827208
0.817139 0.827246
0.817383 0.828295
0.817627 0.828495
0.817871 0.828498
0.818115 0.828870
0.818359 0.828881
0.818604 0.828881
0.818848 0.829039
0.819092 0.829039
0.819336 0.829153
0.819580 0.829411
0.819824 0.829489
0.820068 0.829506
0.820312 0.829822
0.820557 0.830056
0.820801 0.830223
0.821045 0.830356
0.821289 0.830376
0.821533 0.830672
0.821777 0.830797
0.822021 0.830808
0.822266 0.830901
0.822510 0.830912
0.822754 0.830914
0.822998 0.830971
0.823242 0.830972
0.823486 0.831002
0.823730 0.831044
0.823975 0.831079
0.824219 0.831108
0.824463 0.831224
0.824707 0.831253
0.824951 0.831287
0.825195 0.831288
0.825439 0.831679
0.825684 0.831695
0.825928 0.831696
0.826172 0.832276
0.826416 0.832372
0.826660 0.832482
0.826904 0.832658
0.827148 0.832840
0.827393 0.832859
0.827637 0.833897
0.827881 0.834636
0.828125 0.835284
0.828369 0.835357
0.828613 0.835372
0.828857 0.835592
0.829102 0.835778
0.829346 0.835786
0.829590 0.835839
0.829834 0.835841
0.830078 0.835910
0.830322 0.835930
0.830566 0.836046
0.830811 0.836344
0.831055 0.836466
0.831299 0.836494
0.831543 0.836775
0.831787 0.836871
0.832031 0.837115
0.832275 0.837133
0.832520 0.837408
0.832764 0.837443
0.833008 0.837954
0.833252 0.838096
0.833496 0.838553
0.833740 0.838658
0.833984 0.839319
0.834229 0.839380
0.834473 0.839393
0.834717 0.839400
0.834961 0.839525
0.835205 0.839525
0.835449 0.839625
0.835693 0.839629
0.835938 0.839881
0.836182 0.840303
0.836426 0.840577
0.836670 0.840748
0.836914 0.840789
0.837158 0.840799
0.837402 0.841087
0.837646 0.841316
0.837891 0.841361
0.838135 0.841368
0.838379 0.841798
0.838623 0.841840
0.838867 0.842267
0.839111 0.842270
0.839355 0.842451
0.839600 0.842457
0.839844 0.842462
0.840088 0.842516
0.840332 0.844141
0.840576 0.844170
0.840820 0.844221
0.841064 0.844295
0.841309 0.844947
0.841553 0.845135
0.841797 0.845182
0.842041 0.845282
0.842285 0.847203
0.842529 0.847619
0.842773 0.847653
0.843018 0.847709
0.843262 0.847969
0.843506 0.847995
0.843750 0.848061
0.843994 0.848758
0.844238 0.848821
0.844482 0.849066
0.844727 0.849124
0.844971 0.849476
0.845215 0.849486
0.845459 0.849564
0.845703 0.849564
0.845947 0.849593
0.846191 0.849812
0.846436 0.849813
0.846680 0.850234
0.846924 0.850248
0.847168 0.850258
0.847412 0.850328
0.847656 0.850356
0.847900 0.850420
0.848145 0.850590
0.848389 0.850595
0.848633 0.851246
0.848877 0.851852
0.849121 0.852089
0.849365 0.852280
0.849609 0.852803
0.849854 0.853413
0.850098 0.853483
0.850342 0.853930
0.850586 0.854021
0.850830 0.854022
0.851074 0.854025
0.851318 0.854027
0.851562 0.854943
0.851807 0.854962
0.852051 0.855274
0.852295 0.855295
0.852539 0.855393
0.852783 0.855657
0.853027 0.855666
0.853271 0.855748
0.853516 0.856142
0.853760 0.856331
0.854004 0.856482
0.854248 0.856489
0.854492 0.857116
0.854736 0.857238
0.854980 0.857260
0.855225 0.859278
0.855469 0.859553
0.855713 0.860855
0.855957 0.860947
0.856201 0.862699
0.856445 0.863660
0.856689 0.863676
0.856934 0.863846
0.857178 0.864170
0.857422 0.864301
0.857666 0.864315
0.857910 0.864683
0.858154 0.864684
0.858398 0.865049
0.858643 0.865053
0.858887 0.866075
0.859131 0.866099
0.859375 0.866344
0.859619 0.866426
0.859863 0.866713
0.860107 0.866909
0.860352 0.866925
0.860596 0.866925
0.860840 0.866956
0.861084 0.867037
0.861328 0.867269
0.861572 0.867305
0.861816 0.867561
0.862061 0.867605
0.862305 0.867613
0.862549 0.867658
0.862793 0.867855
0.863037 0.868040
0.863281 0.868267
0.863525 0.868502
0.863770 0.868649
0.864014 0.868721
0.864258 0.868765
0.864502 0.868801
0.864746 0.868822
0.864990 0.869610
0.865234 0.869625
0.865479 0.870525
0.865723 0.871325
0.865967 0.871422
0.866211 0.871511
0.866455 0.871511
0.866699 0.871569
0.866943 0.872139
0.867188 0.872437
0.867432 0.872440
0.867676 0.872495
0.867920 0.872584
0.868164 0.872604
0.868408 0.872604
0.868652 0.872659
0.868896 0.873199
0.869141 0.873617
0.869385 0.873732
0.869629 0.874337
0.869873 0.874535
0.870117 0.875299
0.870361 0.875300
0.870605 0.875422
0.870850 0.875497
0.871094 0.875933
0.871338 0.875938
0.871582 0.876099
0.871826 0.876398
0.872070 0.876449
0.872314 0.877351
0.872559 0.877540
0.872803 0.877561
0.873047 0.877626
0.873291 0.877627
0.873535 0.877683
0.873779 0.878822
0.874023 0.878839
0.874268 0.878861
0.874512 0.878917
0.874756 0.879064
0.875000 0.879899
0.875244 0.879959
0.875488 0.880437
0.875732 0.880438
0.875977 0.880798
0.876221 0.881196
0.876465 0.881201
0.876709 0.881205
0.876953 0.881341
0.877197 0.881342
0.877441 0.881417
0.877686 0.881946
0.877930 0.882223
0.878174 0.882225
0.878418 0.882265
0.878662 0.882363
0.878906 0.882398
0.879150 0.883108
0.879395 0.883341
0.879639 0.883355
0.879883 0.884113
0.880127 0.885221
0.880371 0.886051
0.880615 0.886426
0.880859 0.886595
0.881104 0.886795
0.881348 0.886810
0.881592 0.886821
0.881836 0.887792
0.882080 0.888000
0.882324 0.888007
0.882568 0.888918
0.882812 0.889080
0.883057 0.889140
0.883301 0.889756
0.883545 0.889819
0.883789 0.890935
0.884033 0.890991
0.884277 0.890992
0.884521 0.892367
0.884766 0.892512
0.885010 0.892555
0.885254 0.892590
0.885498 0.893090
0.885742 0.893261
0.885986 0.893565
0.886230 0.893933
0.886475 0.894148
0.886719 0.894172
0.886963 0.894231
0.887207 0.894301
0.887451 0.894315
0.887695 0.894545
0.887939 0.894604
0.888184 0.894638
0.888428 0.895115
0.888672 0.895186
0.888916 0.895366
0.889160 0.895366
0.889404 0.895427
0.889648 0.895647
0.889893 0.895843
0.890137 0.896064
0.890381 0.896147
0.890625 0.896388
0.890869 0.896434
0.891113 0.896542
0.891357 0.896588
0.891602 0.896588
0.891846 0.898097
0.892090 0.898262
0.892334 0.898354
0.892578 0.898429
0.892822 0.898670
0.893066 0.898951
0.893311 0.898973
0.893555 0.899074
0.893799 0.899460
0.894043 0.899461
0.894287 0.899463
0.894531 0.899613
0.894775 0.899616
0.895020 0.899617
0.895264 0.899920
0.895508 0.900125
0.895752 0.900138
0.895996 0.900556
0.896240 0.900650
0.896484 0.900715
0.896729 0.901358
0.896973 0.901385
0.897217 0.901386
0.897461 0.901927
0.897705 0.902250
0.897949 0.902267
0.898193 0.902827
0.898438 0.903069
0.898682 0.903107
0.898926 0.903529
0.899170 0.903547
0.899414 0.903553
0.899658 0.903564
0.899902 0.904154
0.900146 0.904529
0.900391 0.905131
0.900635 0.905131
0.900879 0.905206
0.901123 0.905215
0.901367 0.905259
0.901611 0.905358
0.901855 0.905549
0.902100 0.905927
0.902344 0.905932
0.902588 0.906194
0.902832 0.906211
0.903076 0.906213
0.903320 0.906628
0.903564 0.906661
0.903809 0.907233
0.904053 0.907318
0.904297 0.908411
0.904541 0.908552
0.904785 0.908554
0.905029 0.908689
0.905273 0.908963
0.905518 0.908971
0.905762 0.909473
0.906006 0.909476
0.906250 0.909861
0.906494 0.909927
0.906738 0.909993
0.906982 0.910009
0.907227 0.910125
0.907471 0.910684
0.907715 0.910699
0.907959 0.910703
0.908203 0.910757
0.908447 0.910765
0.908691 0.910793
0.908936 0.910810
0.909180 0.911206
0.909424 0.911287
0.909668 0.911288
0.909912 0.911315
0.910156 0.911437
0.910400 0.911464
0.910645 0.911464
0.910889 0.911952
0.911133 0.912009
0.911377 0.912305
0.911621 0.912367
0.911865 0.912475
0.912109 0.912532
0.912354 0.912641
0.912598 0.912984
0.912842 0.913136
0.913086 0.913288
0.913330 0.913310
0.913574 0.913683
0.913818 0.913751
0.914062 0.913869
0.914307 0.913899
0.914551 0.913899
0.914795 0.914045
0.915039 0.914161
0.915283 0.914236
0.915527 0.914363
0.915771 0.915020
0.916016 0.915050
0.916260 0.915136
0.916504 0.915136
0.916748 0.915201
0.916992 0.915661
0.917236 0.915801
0.917480 0.915832
0.917725 0.916433
0.917969 0.916444
0.918213 0.916507
0.918457 0.916531
0.918701 0.916622
0.918945 0.916722
0.919189 0.916741
0.919434 0.916751
0.919678 0.916758
0.919922 0.916990
0.920166 0.917781
0.920410 0.917799
0.920654 0.917942
0.920898 0.917943
0.921143 0.918172
0.921387 0.918180
0.921631 0.918182
0.921875 0.918303
0.922119 0.918322
0.922363 0.918331
0.922607 0.918573
0.922852 0.918654
0.923096 0.918710
0.923340 0.919754
0.923584 0.919766
0.923828 0.919815
0.924072 0.919852
0.924316 0.919854
0.924561 0.919856
0.924805 0.919941
0.925049 0.920003
0.925293 0.920790
0.925537 0.920923
0.925781 0.920923
0.926025 0.920927
0.926270 0.921063
0.926514 0.921269
0.926758 0.921272
0.927002 0.921312
0.927246 0.921943
0.927490 0.922122
0.927734 0.922127
0.927979 0.923017
0.928223 0.923097
0.928467 0.923168
0.928711 0.923168
0.928955 0.923477
0.929199 0.925358
0.929443 0.925377
0.929688 0.925392
0.929932 0.925685
0.930176 0.926485
0.930420 0.926512
0.930664 0.926675
0.930908 0.926699
0.931152 0.926845
0.931396 0.927047
0.931641 0.927058
0.931885 0.927115
0.932129 0.927116
0.932373 0.927264
0.932617 0.928202
0.932861 0.928225
0.933105 0.928232
0.933350 0.928249
0.933594 0.928734
0.933838 0.929142
0.934082 0.929243
0.934326 0.929289
0.934570 0.929353
0.934814 0.929363
0.935059 0.929413
0.935303 0.930019
0.935547 0.930117
0.935791 0.930497
0.936035 0.930797
0.936279 0.930800
0.936523 0.931512
0.936768 0.931774
0.937012 0.932214
0.937256 0.932526
0.937500 0.932532
0.937744 0.932596
0.937988 0.932993
0.938232 0.932996
0.938477 0.933059
0.938721 0.933059
0.938965 0.933196
0.939209 0.933240
0.939453 0.933519
0.939697 0.934729
0.939941 0.935102
0.940186 0.935764
0.940430 0.936145
0.940674 0.936387
0.940918 0.936408
0.941162 0.936517
0.941406 0.936805
0.941650 0.936820
0.941895 0.937163
0.942139 0.937178
0.942383 0.937281
0.942627 0.937352
0.942871 0.937447
0.943115 0.937810
0.943359 0.937877
0.943604 0.938136
0.943848 0.938146
0.944092 0.938264
0.944336 0.938658
0.944580 0.938895
0.944824 0.940121
0.945068 0.940231
0.945312 0.940447
0.945557 0.940465
0.945801 0.940892
0.946045 0.940946
0.946289 0.941056
0.946533 0.941057
0.946777 0.941229
0.947021 0.941352
0.947266 0.941400
0.947510 0.941403
0.947754 0.941571
0.947998 0.941861
0.948242 0.942207
0.948486 0.942210
0.948730 0.942325
0.948975 0.942362
0.949219 0.942362
0.949463 0.942899
0.949707 0.943093
0.949951 0.943778
0.950195 0.943799
0.950439 0.943811
0.950684 0.944001
0.950928 0.944217
0.951172 0.944220
0.951416 0.944223
0.951660 0.944330
0.951904 0.944358
0.952148 0.944608
0.952393 0.944707
0.952637 0.945167
0.952881 0.945257
0.953125 0.945260
0.953369 0.945454
0.953613 0.945565
0.953857 0.945881
0.954102 0.946172
0.954346 0.946336
0.954590 0.946813
0.954834 0.947075
0.955078 0.947189
0.955322 0.947722
0.955566 0.947782
0.955811 0.947864
0.956055 0.947875
0.956299 0.947881
0.956543 0.949851
0.956787 0.949959
0.957031 0.949979
0.957275 0.950113
0.957520 0.951927
0.957764 0.952047
0.958008 0.952047
0.958252 0.952332
0.958496 0.953232
0.958740 0.953391
0.958984 0.953588
0.959229 0.953731
0.959473 0.953813
0.959717 0.954556
0.959961 0.954621
0.960205 0.954661
0.960449 0.955421
0.960693 0.955498
0.960938 0.955910
0.961182 0.956021
0.961426 0.956024
0.961670 0.956102
0.961914 0.956171
0.962158 0.956171
0.962402 0.956624
0.962646 0.956624
0.962891 0.956793
0.963135 0.957217
0.963379 0.957472
0.963623 0.957475
0.963867 0.957845
0.964111 0.957856
0.964355 0.958645
0.964600 0.958646
0.964844 0.958762
0.965088 0.958801
0.965332 0.958806
0.965576 0.958813
0.965820 0.958880
0.966064 0.958937
0.966309 0.959315
0.966553 0.959377
0.966797 0.960002
0.967041 0.960008
0.967285 0.960220
0.967529 0.960318
0.967773 0.960449
0.968018 0.960451
0.968262 0.960613
0.968506 0.960929
0.968750 0.961087
0.968994 0.961102
0.969238 0.961596
0.969482 0.961596
0.969727 0.961964
0.969971 0.961973
0.970215 0.962117
0.970459 0.963206
0.970703 0.963399
0.970947 0.963464
0.971191 0.963741
0.971436 0.963741
0.971680 0.963844
0.971924 0.963847
0.972168 0.964177
0.972412 0.965214
0.972656 0.965291
0.972900 0.965294
0.973145 0.965681
0.973389 0.965690
0.973633 0.965693
0.973877 0.965865
0.974121 0.966307
0.974365 0.966311
0.974609 0.966630
0.974854 0.967074
0.975098 0.967546
0.975342 0.967613
0.975586 0.967960
0.975830 0.967962
0.976074 0.968029
0.976318 0.969389
0.976562 0.969403
0.976807 0.969784
0.977051 0.969936
0.977295 0.969974
0.977539 0.970145
0.977783 0.970802
0.978027 0.971337
0.978271 0.971455
0.978516 0.971486
0.978760 0.971486
0.979004 0.971622
0.979248 0.971754
0.979492 0.972010
0.979736 0.972264
0.979980 0.972294
0.980225 0.972360
0.980469 0.972643
0.980713 0.972974
0.980957 0.973128
0.981201 0.973748
0.981445 0.973756
0.981689 0.973792
0.981934 0.974219
0.982178 0.974292
0.982422 0.974326
0.982666 0.974471
0.982910 0.974607
0.983154 0.974637
0.983398 0.974894
0.983643 0.975123
0.983887 0.975232
0.984131 0.977758
0.984375 0.978050
0.984619 0.978078
0.984863 0.978094
0.985107 0.978656
0.985352 0.978888
0.985596 0.979019
0.985840 0.979019
0.986084 0.979303
0.986328 0.979303
0.986572 0.979373
0.986816 0.979376
0.987061 0.979443
0.987305 0.979476
0.987549 0.979759
0.987793 0.979823
0.988037 0.979835
0.988281 0.979947
0.988525 0.979947
0.988770 0.979997
0.989014 0.979998
0.989258 0.980899
0.989502 0.981015
0.989746 0.981084
0.989990 0.981110
0.990234 0.981208
0.990479 0.981240
0.990723 0.981437
0.990967 0.981521
0.991211 0.982000
0.991455 0.982630
0.991699 0.982892
0.991943 0.983272
0.992188 0.983511
0.992432 0.983629
0.992676 0.983709
0.992920 0.983779
0.993164 0.983797
0.993408 0.984207
0.993652 0.984776
0.993896 0.984875
0.994141 0.985066
0.994385 0.985075
0.994629 0.985684
0.994873 0.987301
0.995117 0.987375
0.995361 0.987465
0.995605 0.989042
0.995850 0.989120
0.996094 0.989816
0.996338 0.989900
0.996582 0.990082
0.996826 0.990684
0.997070 0.992018
0.997314 0.992088
0.997559 0.992236
0.997803 0.992306
0.998047 0.992422
0.998291 0.992503
0.998535 0.992504
0.998779 0.993805
0.999023 0.994028
0.999268 0.994142
0.999512 0.994171
0.999756 0.994194
1.000000 0.994481
