x y u v
-2.000000 -2.000000 0.130615 0.232835
-1.666667 -2.000000 0.086542 0.241925
-1.333333 -2.000000 0.038286 0.247853
-1.000000 -2.000000 -0.012155 0.249170
-0.666667 -2.000000 -0.061876 0.245509
-0.333333 -2.000000 -0.108289 0.237849
0.000000 -2.000000 0.000000 0.249318
0.333333 -2.000000 0.108289 0.237849
0.666667 -2.000000 0.061876 0.245509
1.000000 -2.000000 0.012155 0.249170
1.333333 -2.000000 -0.038286 0.247853
1.666667 -2.000000 -0.086542 0.241925
2.000000 -2.000000 -0.130615 0.232835
-2.000000 -1.666667 0.141685 0.201234
-1.666667 -1.666667 0.095434 0.212557
-1.333333 -1.666667 0.042750 0.220500
-1.000000 -1.666667 -0.013612 0.222335
-0.666667 -1.666667 -0.068738 0.217300
-0.333333 -1.666667 -0.118494 0.207365
0.000000 -1.666667 0.000000 0.222543
0.333333 -1.666667 0.118494 0.207365
0.666667 -1.666667 0.068738 0.217300
1.000000 -1.666667 0.013612 0.222335
1.333333 -1.666667 -0.042750 0.220500
1.666667 -1.666667 -0.095434 0.212557
2.000000 -1.666667 -0.141685 0.201234
-2.000000 -1.333333 0.154767 0.163739
-1.666667 -1.333333 0.107138 0.177752
-1.333333 -1.333333 0.049179 0.188950
-1.000000 -1.333333 -0.015760 0.191749
-0.666667 -1.333333 -0.078253 0.184273
-0.333333 -1.333333 -0.131245 0.171087
0.000000 -1.333333 0.000000 0.192072
0.333333 -1.333333 0.131245 0.171087
0.666667 -1.333333 0.078253 0.184273
1.000000 -1.333333 0.015760 0.191749
1.333333 -1.333333 -0.049179 0.188950
1.666667 -1.333333 -0.107138 0.177752
2.000000 -1.333333 -0.154767 0.163739
-2.000000 -1.000000 0.169189 0.117697
-1.666667 -1.000000 0.122578 0.133722
-1.333333 -1.000000 0.059447 0.150182
-1.000000 -1.000000 -0.019393 0.155145
-0.666667 -1.000000 -0.092192 0.142749
-0.333333 -1.000000 -0.146585 0.125644
0.000000 -1.000000 0.000000 0.155748
0.333333 -1.000000 0.146585 0.125644
0.666667 -1.000000 0.092192 0.142749
1.000000 -1.000000 0.019393 0.155145
1.333333 -1.000000 -0.059447 0.150182
1.666667 -1.000000 -0.122578 0.133722
2.000000 -1.000000 -0.169189 0.117697
-2.000000 -0.666667 0.181881 0.060627
-1.666667 -0.666667 0.140378 0.073380
-1.333333 -0.666667 0.078200 0.094663
-1.000000 -0.666667 -0.027666 0.106052
-0.666667 -0.666667 -0.112167 0.083221
-0.333333 -0.666667 -0.161797 0.066452
0.000000 -0.666667 -0.000000 0.107812
0.333333 -0.666667 0.161797 0.066452
0.666667 -0.666667 0.112167 0.083221
1.000000 -0.666667 0.027666 0.106052
1.333333 -0.666667 -0.078200 0.094663
1.666667 -0.666667 -0.140378 0.073380
2.000000 -0.666667 -0.181881 0.060627
-2.000000 -0.333333 0.186696 -0.005411
-1.666667 -0.333333 0.149040 -0.006775
-1.333333 -0.333333 0.097720 -0.010286
-1.000000 -0.333333 -0.053634 -0.017878
-0.666667 -0.333333 -0.125035 -0.008067
-0.333333 -0.333333 -0.168172 -0.006004
0.000000 -0.333333 0.000000 0.150916
0.333333 -0.333333 0.168172 -0.006004
0.666667 -0.333333 0.125035 -0.008067
1.000000 -0.333333 0.053634 -0.017878
1.333333 -0.333333 -0.097720 -0.010286
1.666667 -0.333333 -0.149040 -0.006775
2.000000 -0.333333 -0.186696 -0.005411
-2.000000 0.000000 0.180201 -0.070514
-1.666667 0.000000 0.137667 -0.084478
-1.333333 0.000000 0.074336 -0.105635
-1.000000 0.000000 -0.025647 -0.115412
-0.666667 0.000000 -0.108689 -0.094665
-0.333333 0.000000 0.013905 0.127857
0.000000 0.000000 -0.000000 0.165195
0.333333 0.000000 -0.013905 0.127857
0.666667 0.000000 0.108689 -0.094665
1.000000 0.000000 0.025647 -0.115412
1.333333 0.000000 -0.074336 -0.105635
1.666667 0.000000 -0.137667 -0.084478
2.000000 0.000000 -0.180201 -0.070514
-2.000000 0.333333 0.166876 -0.125761
-1.666667 0.333333 0.119846 -0.141637
-1.333333 0.333333 0.057405 -0.157108
-1.000000 0.333333 -0.018641 -0.161572
-0.666667 0.333333 0.118085 0.031193
-0.333333 0.333333 0.090825 0.105358
0.000000 0.333333 0.000000 0.121060
0.333333 0.333333 -0.090825 0.105358
0.666667 0.333333 -0.118085 0.031193
1.000000 0.333333 0.018641 -0.161572
1.333333 0.333333 -0.057405 -0.157108
1.666667 0.333333 -0.119846 -0.141637
2.000000 0.333333 -0.166876 -0.125761
-2.000000 0.666667 0.152548 -0.170235
-1.666667 0.666667 0.105034 -0.183809
-1.333333 0.666667 0.047963 -0.194369
-1.000000 0.666667 0.160384 -0.052308
-0.666667 0.666667 0.158706 0.012696
-0.333333 0.666667 0.111693 0.017871
0.000000 0.666667 0.000000 0.044961
0.333333 0.666667 -0.111693 0.017871
0.666667 0.666667 -0.158706 0.012696
1.000000 0.666667 -0.160384 -0.052308
1.333333 0.666667 -0.047963 -0.194369
1.666667 0.666667 -0.105034 -0.183809
2.000000 0.666667 -0.152548 -0.170235
-2.000000 1.000000 0.139778 -0.206629
-1.666667 1.000000 0.093850 -0.217556
-1.333333 1.000000 0.186854 -0.101021
-1.000000 1.000000 0.191046 -0.053493
-0.666667 1.000000 0.152633 -0.064106
-0.333333 1.000000 0.098356 -0.082619
0.000000 1.000000 -0.000000 -0.103018
0.333333 1.000000 -0.098356 -0.082619
0.666667 1.000000 -0.152633 -0.064106
1.000000 1.000000 -0.191046 -0.053493
1.333333 1.000000 -0.186854 -0.101021
1.666667 1.000000 -0.093850 -0.217556
2.000000 1.000000 -0.139778 -0.206629
-2.000000 1.333333 0.129024 -0.237476
-1.666667 1.333333 0.209380 -0.136423
-1.333333 1.333333 0.214270 -0.098565
-1.000000 1.333333 0.179748 -0.110245
-0.666667 1.333333 0.136366 -0.125456
-0.333333 1.333333 0.077672 -0.142916
0.000000 1.333333 -0.000000 -0.152469
0.333333 1.333333 -0.077672 -0.142916
0.666667 1.333333 -0.136366 -0.125456
1.000000 1.333333 -0.179748 -0.110245
1.333333 1.333333 -0.214270 -0.098565
1.666667 1.333333 -0.209380 -0.136423
2.000000 1.333333 -0.129024 -0.237476
-2.000000 1.666667 0.229637 -0.165184
-1.666667 1.666667 0.234367 -0.133121
-1.333333 1.666667 0.202994 -0.144126
-1.000000 1.666667 0.165906 -0.157058
-0.666667 1.666667 0.120619 -0.171278
-0.333333 1.666667 0.064777 -0.183967
0.000000 1.666667 -0.000000 -0.189422
0.333333 1.666667 -0.064777 -0.183967
0.666667 1.666667 -0.120619 -0.171278
1.000000 1.666667 -0.165906 -0.157058
1.333333 1.666667 -0.202994 -0.144126
1.666667 1.666667 -0.234367 -0.133121
2.000000 1.666667 -0.229637 -0.165184
-2.000000 2.000000 0.252681 -0.161716
-1.666667 2.000000 0.223831 -0.171902
-1.333333 2.000000 0.190935 -0.183298
-1.000000 2.000000 0.152756 -0.195527
-0.666667 2.000000 0.108038 -0.207433
-0.333333 2.000000 0.056426 -0.216677
0.000000 2.000000 0.000000 -0.220261
0.333333 2.000000 -0.056426 -0.216677
0.666667 2.000000 -0.108038 -0.207433
1.000000 2.000000 -0.152756 -0.195527
1.333333 2.000000 -0.190935 -0.183298
1.666667 2.000000 -0.223831 -0.171902
2.000000 2.000000 -0.252681 -0.161716
